0.015625 141.07053315489 139.029978333485 143.110543935814
0.03125 140.693629593801 138.676930006683 142.70924896323
0.046875 140.317733020431 138.324778199628 142.309079258223
0.0625 139.942840744372 137.973520635727 141.910031665441
0.078125 139.568950082405 137.623155044167 141.512103038378
0.09375 139.196058358477 137.273679159901 141.115290239353
0.109375 138.824162903689 136.925090723634 140.719590139484
0.125 138.45326105627 136.577387481811 140.324999618659
0.140625 138.08335016156 136.230567186595 139.93151556552
0.15625 137.714427571994 135.88462759586 139.53913487743
0.171875 137.346490647079 135.539566473174 139.147854460453
0.1875 136.979536753376 135.195381587781 138.757671229328
0.203125 136.613563264484 134.852070714593 138.368582107448
0.21875 136.248567561016 134.509631634172 137.98058402683
0.234375 135.884547030587 134.168062132713 137.593673928095
0.25 135.521499067788 133.827360002035 137.207848760444
0.265625 135.159421074175 133.487523039566 136.82310548163
0.28125 134.798310458242 133.148549048323 136.43944105794
0.296875 134.43816463541 132.810435836905 136.056852464165
0.3125 134.078981028003 132.473181219476 135.675336683581
0.328125 133.720757065235 132.136783015748 135.294890707922
0.34375 133.363490183185 131.801239050972 134.915511537358
0.359375 133.007177824784 131.466547155921 134.537196180469
0.375 132.651817439795 131.132705166875 134.159941654227
0.390625 132.297406484794 130.79971092561 133.783744983965
0.40625 131.943942423152 130.467562279383 133.40860320336
0.421875 131.591422725018 130.136257080915 133.034513354404
0.4375 131.239844867299 129.805793188383 132.661472487385
0.453125 130.889206333645 129.476168465401 132.289477660864
0.46875 130.539504614428 129.147380781008 131.918525941647
0.484375 130.190737206723 128.819428009655 131.548614404766
0.5 129.842901614295 128.49230803119 131.179740133457
0.515625 129.495995347579 128.166018730846 130.811900219131
0.53125 129.150015923657 127.840557999224 130.445091761358
0.546875 128.804960866249 127.515923732283 130.079311867841
0.5625 128.46082770569 127.192113831325 129.71455765439
0.578125 128.117613978912 126.869126202982 129.350826244907
0.59375 127.775317229428 126.546958759199 128.988114771356
0.609375 127.433935007316 126.225609417227 128.626420373744
0.625 127.093464869196 125.905076099604 128.265740200097
0.640625 126.75390437822 125.585356734143 127.906071406439
0.65625 126.415251104049 125.266449253919 127.547411156769
0.671875 126.077502622835 124.948351597258 127.189756623039
0.6875 125.74065651721 124.631061707719 126.833104985128
0.703125 125.404710376261 124.314577534083 126.477453430826
0.71875 125.069661795519 123.998897030341 126.122799155808
0.734375 124.735508376936 123.684018155679 125.769139363611
0.75 124.402247728876 123.369938874467 125.416471265616
0.765625 124.069877466087 123.05665715624 125.064792081023
0.78125 123.738395209693 122.744170975694 124.714099036827
0.796875 123.407798587174 122.432478312664 124.364389367801
0.8125 123.078085232348 122.121577152118 124.015660316473
0.828125 122.749252785354 121.81146548414 123.667909133101
0.84375 122.421298892637 121.502141303916 123.321133075654
0.859375 122.094221206931 121.193602611726 122.975329409792
0.875 121.768017387238 120.885847412926 122.630495408838
0.890625 121.442685098817 120.578873717938 122.286628353765
0.90625 121.118222013166 120.272679542235 121.943725533169
0.921875 120.794625808001 119.967262906331 121.601784243249
0.9375 120.471894167245 119.662621835766 121.260801787785
0.953125 120.150024781007 119.358754361094 120.920775478117
0.96875 119.82901534557 119.055658517871 120.581702633128
0.984375 119.50886356337 118.753332346638 120.243580579214
1 119.189567142981 118.451773892917 119.906406650271
1.015625 118.871123799101 118.150981207189 119.570178187671
1.03125 118.553531252532 117.850952344887 119.234892540241
1.046875 118.236787230166 117.551685366383 118.900547064239
1.0625 117.92088946497 117.253178336972 118.567139123342
1.078125 117.605835695964 116.955429326864 118.234666088614
1.09375 117.291623668212 116.658436411169 117.903125338494
1.109375 116.978251132802 116.362197669885 117.572514258772
1.125 116.665715846829 116.066711187884 117.242830242566
1.140625 116.354015573382 115.771975054904 116.914070690307
1.15625 116.043148081527 115.477987365532 116.586233009714
1.171875 115.733111146288 115.184746219194 116.259314615775
1.1875 115.423902548635 114.892249720142 115.933312930725
1.203125 115.115520075468 114.600495977442 115.608225384032
1.21875 114.807961519597 114.309483104963 115.284049412366
1.234375 114.501224679732 114.019209221362 114.96078245959
1.25 114.195307360461 113.729672450074 114.638421976731
1.265625 113.890207372241 113.4408709193 114.316965421965
1.28125 113.585922531376 113.152802761992 113.996410260596
1.296875 113.282450660007 112.865466115846 113.676753965036
1.3125 112.97978958609 112.578859123285 113.357994014781
1.328125 112.677937143388 112.29297993145 113.0401278964
1.34375 112.37689117145 112.007826692188 112.723153103505
1.359375 112.076649515596 111.723397562036 112.40706713674
1.375 111.777210026905 111.439690702215 112.091867503754
1.390625 111.478570562195 111.156704278615 111.777551719189
1.40625 111.180728984012 110.874436461783 111.464117304651
1.421875 110.883683160612 110.592885426912 111.1515617887
1.4375 110.587430965945 110.312049353827 110.839882706824
1.453125 110.291970279645 110.031926426978 110.529077601423
1.46875 109.997298987007 109.752514835424 110.219144021786
1.484375 109.703414978978 109.473812772823 109.910079524076
1.5 109.410316152139 109.195818437419 109.601881671309
1.515625 109.118000408693 108.918530032031 109.294548033334
1.53125 108.826465656444 108.641945764045 108.988076186813
1.546875 108.535709808789 108.366063845395 108.682463715205
1.5625 108.245730784698 108.090882492557 108.377708208745
1.578125 107.956526508702 107.816399926538 108.073807264424
1.59375 107.668094910877 107.54261437286 107.770758485973
1.609375 107.380433926829 107.269524061552 107.468559483841
1.625 107.093541497679 106.997127227137 107.167207875177
1.640625 106.80741557005 106.725422108622 106.866701283815
1.65625 106.52205409605 106.454406949486 106.567037340248
1.671875 106.237455033259 106.184079997668 106.268213681615
1.6875 105.953616344714 105.914439505556 105.970227951681
1.703125 105.670535998893 105.645483729975 105.673077800818
1.71875 105.388211969704 105.377210932179 105.376760885987
1.734375 105.106642236466 105.109619377835 105.081274870716
1.75 104.825824783898 104.842707337015 104.78661742509
1.765625 104.545757602102 104.576473084184 104.492786225723
1.78125 104.266438686552 104.310914898188 104.199778955745
1.796875 103.987866038075 104.046031062246 103.907593304783
1.8125 103.710037662841 103.781819863933 103.616226968944
1.828125 103.432951572347 103.518279595174 103.325677650793
1.84375 103.156605783403 103.255408552234 103.035943059339
1.859375 102.880998318115 102.9932050357 102.747020910012
1.875 102.606127203877 102.731667350478 102.458908924653
1.890625 102.331990473351 102.470793805776 102.171604831488
1.90625 102.058586164455 102.210582715097 101.885106365112
1.921875 101.785912320352 101.951032396226 101.599411266477
1.9375 101.513966989429 101.692141171221 101.314517282865
1.953125 101.242748225291 101.433907366399 101.030422167877
1.96875 100.972254086741 101.176329312327 100.747123681414
1.984375 100.702482637769 100.919405343814 100.464619589655
2 100.433431947538 100.663133799896 100.182907665047
2.015625 100.165100090368 100.407513023825 99.9019856862801
2.03125 99.8974851457259 100.152541363063 99.6218514382749
2.046875 99.6305851982089 99.8982171692661 99.3425027121627
2.0625 99.3643983375317 99.6445387982782 99.0639373052686
2.078125 99.0989226585128 99.3915046101168 98.7861530210944
2.09375 98.8341562610608 99.1391129689645 98.509147669301
2.109375 98.5700972501609 98.8873622431578 98.2329190656912
2.125 98.3067437358614 98.6362508051766 97.9574650321924
2.140625 98.0440938332598 98.3857770316334 97.6827833968397
2.15625 97.7821456624898 98.1359393032636 97.4088719937586
2.171875 97.5208973487075 97.886736004914 97.1357286631475
2.1875 97.260347022078 97.6381655255332 96.8633512512617
2.203125 97.0004928177623 97.3902262581606 96.5917376103953
2.21875 96.7413328759038 97.1429165999166 96.320885598865
2.234375 96.4828653416146 96.8962349519916 96.0507930809929
2.25 96.225088364963 96.650179719636 95.7814579270897
2.265625 95.9680001009595 96.4047493121501 95.5128780134381
2.28125 95.7115987095442 96.1599421428733 95.2450512222758
2.296875 95.4558823555731 95.9157566291742 94.9779754417787
2.3125 95.2008492088054 95.6721911924404 94.7116485660448
2.328125 94.9464974438903 95.4292442580679 94.4460684950771
2.34375 94.6928252403535 95.1869142554515 94.1812331347671
2.359375 94.4398307825849 94.9451996179743 93.9171403968784
2.375 94.1875122598251 94.7040987829974 93.6537881990302
2.390625 93.9358678661526 94.4636101918502 93.3911744646811
2.40625 93.6848958004708 94.2237322898201 93.1292971231121
2.421875 93.4345942664952 93.9844635261425 92.8681541094111
2.4375 93.1849614727405 93.7458023539907 92.6077433644558
2.453125 92.9359956325077 93.5077472304661 92.3480628348984
2.46875 92.6876949638716 93.2702966165879 92.0891104731482
2.484375 92.4400576896675 93.0334489772835 91.8308842373568
2.5 92.1930820374791 92.7972027813783 91.5733820914008
2.515625 91.9467662396256 92.5615565015861 91.3166020048665
2.53125 91.7011085331487 92.3265086144987 91.0605419530338
2.546875 91.4561071598003 92.0920576005767 90.8051999168598
2.5625 91.2117603660302 91.8582019441393 90.5505738829635
2.578125 90.9680664029728 91.6249401333546 90.2966618436092
2.59375 90.7250235264353 91.3922706602296 90.0434617966915
2.609375 90.4826299968849 91.1601920206009 89.7909717457189
2.625 90.2408840794362 90.9287027141246 89.5391896997981
2.640625 89.9997840438392 90.6978012442666 89.2881136736187
2.65625 89.7593281644665 90.4674861182935 89.037741687437
2.671875 89.5195147203011 90.2377558472619 88.7880717670611
2.6875 89.2803419949242 90.0086089460099 88.5391019438346
2.703125 89.0418082765029 89.7800439331466 88.2908302546213
2.71875 88.8039118577778 89.552059331043 88.0432547417902
2.734375 88.5666510360507 89.3246536658225 87.7963734531993
2.75 88.3300241131728 89.0978254673512 87.5501844421807
2.765625 88.0940293955321 88.871573269228 87.3046857675253
2.78125 87.8586651940416 88.6458956087762 87.0598754934672
2.796875 87.6239298241272 88.4207910270327 86.8157516896684
2.8125 87.3898216057153 88.1962580687398 86.572312431204
2.828125 87.1563388632213 87.9722952823349 86.3295557985466
2.84375 86.923479925537 87.7489012199416 86.0874798775515
2.859375 86.6912431260192 87.52607443736 85.8460827594413
2.875 86.4596268024774 87.3038134940579 85.6053625407909
2.890625 86.2286292971623 87.0821169531609 85.3653173235128
2.90625 85.9982489567533 86.8609833814433 85.1259452148418
2.921875 85.7684841323472 86.640411349319 84.8872443273202
2.9375 85.5393331794465 86.4203994308322 84.6492127787828
2.953125 85.3107944579468 86.200946203648 84.4118486923423
2.96875 85.0828663321262 85.9820502490434 84.1751501963743
2.984375 84.8555471706327 85.7637101518981 83.9391154245027
3 84.6288353464728 85.5459245006852 83.7037425155847
3.015625 84.4027292370002 85.3286918874623 83.4690296136965
3.03125 84.1772272239036 85.1120109078621 83.2349748681183
3.046875 83.9523276931956 84.8958801610838 83.0015764333201
3.0625 83.7280290352008 84.6802982498835 82.7688324689468
3.078125 83.5043296445445 84.4652637805655 82.5367411398038
3.09375 83.2812279201411 84.2507753629733 82.3053006158426
3.109375 83.0587222651828 84.0368316104803 82.0745090721463
3.125 82.836811087128 83.8234311399813 81.8443646889153
3.140625 82.6154927976898 83.6105725718831 81.6148656514529
3.15625 82.3947658128249 83.398254530096 81.3860101501507
3.171875 82.1746285527224 83.1864756420244 81.157796380475
3.1875 81.9550794417917 82.9752345385587 80.9302225429519
3.203125 81.7361169086523 82.7645298540655 80.7032868431536
3.21875 81.5177393861217 82.5543602263794 80.4769874916838
3.234375 81.2999453112046 82.3447242967943 80.2513227041639
3.25 81.0827331250816 82.1356207100539 80.0262907012191
3.265625 80.866101273098 81.9270481143437 79.8018897084637
3.28125 80.6500482047529 81.719005161282 79.578117956488
3.296875 80.4345723736878 81.5114905059108 79.3549736808436
3.3125 80.2196722376756 81.3045028066879 79.1324551220297
3.328125 80.0053462586098 81.0980407254774 78.9105605254796
3.34375 79.7915929024933 80.8921029275416 78.6892881415463
3.359375 79.5784106394272 80.6866880815321 78.4686362254891
3.375 79.3657979436005 80.4817948594813 78.2486030374597
3.390625 79.1537532932783 80.2774219367939 78.0291868424885
3.40625 78.9422751707917 80.0735679922382 77.8103859104708
3.421875 78.7313620625265 79.8702317079375 77.5921985161534
3.4375 78.5210124589126 79.6674117693617 77.3746229391209
3.453125 78.3112248544129 79.4651068653189 77.1576574637818
3.46875 78.1019977475128 79.2633156879466 76.9413003793558
3.484375 77.8933296407094 79.0620369327036 76.7255499798593
3.5 77.6852190405006 78.8612692983614 76.5104045640926
3.515625 77.4776644573746 78.6610114869958 76.2958624356264
3.53125 77.2706644057993 78.4612622039783 76.0819219027882
3.546875 77.0642174042113 78.2620201579682 75.8685812786494
3.5625 76.8583219750059 78.0632840609039 75.6558388810112
3.578125 76.6529766445258 77.8650526279947 75.4436930323922
3.59375 76.4481799430513 77.6673245777123 75.2321420600149
3.609375 76.2439304047891 77.470098631783 75.021184295792
3.625 76.0402265678622 77.2733735151787 74.8108180763141
3.640625 75.8370669742995 77.0771479561093 74.6010417428359
3.65625 75.6344501700251 76.8814206860142 74.3918536412634
3.671875 75.4323747048478 76.6861904395542 74.183252122141
3.6875 75.2308391324514 76.4914559546033 73.9752355406381
3.703125 75.0298420103835 76.2972159722402 73.7678022565364
3.71875 74.8293819000458 76.1034692367408 73.5609506342171
3.734375 74.6294573666832 75.9102144955696 73.3546790426476
3.75 74.4300669793743 75.7174504993718 73.148985855369
3.765625 74.2312093110206 75.5251760019652 72.943869450483
3.78125 74.0328829383363 75.3333897603319 72.7393282106395
3.796875 73.8350864418384 75.1420905346108 72.5353605230234
3.8125 73.6378184058364 74.951277088089 72.3319647793421
3.828125 73.441077418422 74.7609481871942 72.1291393758128
3.84375 73.2448620714593 74.5711026014866 71.9268827131499
3.859375 73.0491709605745 74.381739103651 71.7251931965523
3.875 72.854002685146 74.1928564694885 71.5240692356909
3.890625 72.6593558482942 74.0044534779092 71.323509244696
3.90625 72.4652290568716 73.816528910924 71.1235116421449
3.921875 72.2716209214528 73.6290815536366 70.9240748510492
3.9375 72.0785300563248 73.4421101942357 70.7251972988427
3.953125 71.8859550794765 73.2556136239873 70.5268774173686
3.96875 71.6938946125896 73.069590637227 70.3291136428675
3.984375 71.5023472810279 72.8840400313518 70.1319044159651
4 71.3113117138281 72.6989606068127 69.9352481816592
4.015625 71.1207865436897 72.5143511671066 69.7391433893086
4.03125 70.9307704069652 72.330210518769 69.5435884926198
4.046875 70.7412619436506 72.1465374713659 69.3485819496353
4.0625 70.5522597973753 71.9633308374862 69.1541222227217
4.078125 70.3637626153926 71.7805894327344 68.9602077785568
4.09375 70.1757690485701 71.5983120757221 68.7668370881184
4.109375 69.9882777513797 71.4164975880613 68.5740086266715
4.125 69.8012873818885 71.2351447943562 68.3817208737568
4.140625 69.6147966017485 71.0542525221958 68.1899723131784
4.15625 69.4288040761879 70.8738196021462 67.9987614329919
4.171875 69.2433084740006 70.6938448677433 67.8080867254928
4.1875 69.0583084675374 70.5143271554848 67.617946687204
4.203125 68.8738027326962 70.3352653048233 67.4283398188645
4.21875 68.6897899489125 70.1566581581582 67.2392646254173
4.234375 68.5062687991501 69.9785045608286 67.0507196159976
4.25 68.3232379698915 69.8008033611056 66.8627033039213
4.265625 68.1406961511284 69.6235534101851 66.675214206673
4.28125 67.9586420363529 69.4467535621802 66.4882508458943
4.296875 67.7770743225474 69.2704026741137 66.3018117473724
4.3125 67.5959917101757 69.0944996059111 66.1158954410284
4.328125 67.4153929031739 68.9190432203927 65.9305004609053
4.34375 67.2352766089404 68.7440323832666 65.7456253451572
4.359375 67.0556415383273 68.5694659631213 65.561268636037
4.375 66.8764864056311 68.3953428314185 65.3774288798854
4.390625 66.6978099285832 68.2216618624855 65.1941046271194
4.40625 66.5196108283409 68.0484219335082 65.0112944322206
4.421875 66.3418878294783 67.8756219245236 64.828996853724
4.4375 66.164639659977 67.7032607184128 64.6472104542065
4.453125 65.9878650512171 67.5313372008938 64.465933800276
4.46875 65.8115627379683 67.359850260514 64.2851654625595
4.484375 65.6357314583805 67.1887987886431 64.104904015692
4.5 65.460369953975 67.0181816794662 63.9251480383056
4.515625 65.2854769696354 66.8479978299765 63.7458961130179
4.53125 65.1110512535986 66.6782461399681 63.567146826421
4.546875 64.937091557446 66.5089255120288 63.3888987690703
4.5625 64.7635966360943 66.3400348515331 63.2111505354735
4.578125 64.5905652477869 66.1715730666356 63.0339007240794
4.59375 64.4179961540847 66.0035390682629 62.8571479372667
4.609375 64.2458881198574 65.8359317701075 62.6808907813333
4.625 64.0742399132749 65.6687500886205 62.5051278664853
4.640625 63.9030503057978 65.5019929430043 62.3298578068257
4.65625 63.7323180721693 65.3356592552059 62.1550792203438
4.671875 63.5620419904063 65.16974794991 61.9807907289041
4.6875 63.3922208417901 65.0042579545319 61.8069909582356
4.703125 63.2228534108585 64.8391881992103 61.6336785379207
4.71875 63.0539384853965 64.6745376168012 61.4608521013849
4.734375 62.8854748564278 64.5103051428699 61.2885102858854
4.75 62.7174613182064 64.3464897156852 61.1166517325008
4.765625 62.5498966682073 64.1830902762116 60.9452750861202
4.78125 62.3827797071188 64.0201057681032 60.7743789954325
4.796875 62.2161092388332 63.8575351376963 60.603962112916
4.8125 62.0498840704385 63.6953773340031 60.4340230948273
4.828125 61.8841030122099 63.5336313087044 60.2645606011912
4.84375 61.7187648776011 63.3722960161432 60.0955732957897
4.859375 61.5538684832363 63.2113704133179 59.927059846152
4.875 61.389412648901 63.0508534598752 59.7590189235433
4.890625 61.2253961975339 62.8907441181039 59.5914492029549
4.90625 61.0618179552189 62.7310413529277 59.4243493630936
4.921875 60.8986767511759 62.571744131899 59.257718086371
4.9375 60.735971417753 62.4128514251917 59.0915540588935
4.953125 60.573700790418 62.254362205595 58.9258559704518
4.96875 60.4118637077498 62.0962754485065 58.7606225145105
4.984375 60.2504590114305 61.9385901319257 58.5958523881978
5 60.089485546237 61.7813052364472 58.4315442922953
5.015625 59.9289421600325 61.6244197452543 58.2676969312278
5.03125 59.7688277037583 61.4679326441125 58.1043090130529
5.046875 59.609141031426 61.3118429213627 57.9413792494509
5.0625 59.4498810001088 61.1561495679147 57.7789063557149
5.078125 59.2910464699335 61.0008515772408 57.6168890507401
5.09375 59.1326363040722 60.8459479453695 57.4553260570143
5.109375 58.9746493687347 60.6914376708783 57.2942161006074
5.125 58.8170845331597 60.5373197548881 57.1335579111617
5.140625 58.6599406696069 60.3835932010561 56.9733502218815
5.15625 58.5032166533494 60.2302570155695 56.8135917695234
5.171875 58.3469113626648 60.0773102071394 56.6542812943862
5.1875 58.1910236788282 59.924751786994 56.4954175403011
5.203125 58.0355524861031 59.7725807688724 56.3369992546217
5.21875 57.8804966717344 59.6207961690181 56.1790251882141
5.234375 57.7258551259396 59.4693970061728 56.0214940954469
5.25 57.5716267419016 59.31838230157 55.864404734182
5.265625 57.4178104157602 59.1677510789286 55.707755865764
5.28125 57.2644050466045 59.0175023644467 55.551546255011
5.296875 57.1114095364649 58.867635186795 55.3957746702044
5.3125 56.9588227903054 58.7181485771111 55.2404398830798
5.328125 56.8066437160155 58.5690415689927 55.0855406688168
5.34375 56.6548712244027 58.4203131984916 54.9310758060294
5.359375 56.5035042291844 58.2719625041075 54.7770440767567
5.375 56.3525416469803 58.1239885267815 54.6234442664529
5.390625 56.2019823973046 57.9763903098902 54.4702751639779
5.40625 56.0518254025583 57.8291668992396 54.3175355615879
5.421875 55.9020695880216 57.6823173430585 54.1652242549255
5.4375 55.7527138818457 57.5358406919928 54.0133400430107
5.453125 55.6037572150458 57.3897359990988 53.861881728231
5.46875 55.4551985214932 57.2440023198379 53.710848116332
5.484375 55.3070367379073 57.0986387120698 53.5602380164082
5.5 55.1592708038487 56.9536442360466 53.4100502408937
5.515625 55.0118996617109 56.8090179544069 53.2602836055524
5.53125 54.8649222567131 56.6647589321695 53.1109369294689
5.546875 54.7183375368928 56.5208662367275 52.9620090350394
5.5625 54.5721444530978 56.3773389378422 52.813498747962
5.578125 54.4263419589792 56.2341761076372 52.6654048972277
5.59375 54.2809290109836 56.0913768205922 52.5177263151112
5.609375 54.1359045683455 55.9489401535373 52.3704618371615
5.625 53.9912675930803 55.8068651856467 52.223610302193
5.640625 53.8470170499766 55.665150998433 52.0771705522759
5.65625 53.7031519065886 55.5237966757412 51.9311414327275
5.671875 53.5596711332292 55.3828013037427 51.785521792103
5.6875 53.4165737029623 55.2421639709294 51.6403104821863
5.703125 53.2738585915952 55.1018837681081 51.4955063579809
5.71875 53.1315247776721 54.961959788394 51.3511082777011
5.734375 52.9895712424657 54.8223911272056 51.2071151027628
5.75 52.847996969971 54.6831768822582 51.0635256977747
5.765625 52.706800946897 54.5443161535584 50.9203389305291
5.78125 52.5659821626604 54.4058080433982 50.7775536719931
5.796875 52.4255396093777 54.2676516563493 50.6351687962999
5.8125 52.285472281858 54.1298460992571 50.4931831807395
5.828125 52.1457791775965 53.9923904812352 50.3515957057504
5.84375 52.0064592967663 53.8552839136593 50.21040525491
5.859375 51.8675116422122 53.7185255101619 50.0696107149267
5.875 51.7289352194429 53.582114386626 49.9292109756304
5.890625 51.5907290366242 53.4460496611799 49.7892049299641
5.90625 51.4528921045718 53.3103304541913 49.649591473975
5.921875 51.3154234367442 53.1749558882615 49.5103695068061
5.9375 51.1783220492358 53.03992508822 49.371537930687
5.953125 51.0415869607697 52.9052371811184 49.2330956509259
5.96875 50.9052171926905 52.7708912962254 49.0950415759003
5.984375 50.7692117689579 52.6368865650206 48.9573746170489
6 50.6335697161389 52.503222121189 48.8200936888627
6.015625 50.4982900634017 52.3698971006158 48.6831977088767
6.03125 50.363371842508 52.2369106413802 48.5466855976611
6.046875 50.2288140878064 52.1042618837503 48.410556278813
6.0625 50.0946158362256 51.9719499701772 48.2748086789479
6.078125 49.9607761272672 51.83997404529 48.1394417276909
6.09375 49.8272940029993 51.7083332558895 48.0044543576688
6.109375 49.694168508049 51.5770267509432 47.8698455045013
6.125 49.5613986895961 51.4460536815799 47.7356141067928
6.140625 49.4289835973661 51.3154132010838 47.6017591061238
6.15625 49.2969222836232 51.1851044648891 47.4682794470428
6.171875 49.1652138031639 51.055126630575 47.3351740770579
6.1875 49.03385721331 50.9254788578597 47.2024419466285
6.203125 48.9028515739017 50.7961603085951 47.0700820091568
6.21875 48.7721959472915 50.6671701467618 46.9380932209802
6.234375 48.6418893983365 50.538507538463 46.806474541362
6.25 48.5119309943926 50.4101716519196 46.6752249324845
6.265625 48.3823198053075 50.2821616574648 46.5443433594395
6.28125 48.2530549034138 50.1544767275385 46.4138287902213
6.296875 48.1241353635228 50.0271160366822 46.2836801957177
6.3125 47.9955602629175 49.9000787615333 46.1538965497023
6.328125 47.8673286813464 49.7733640808204 46.0244768288265
6.34375 47.7394397010162 49.6469711753572 45.895420012611
6.359375 47.6118924065863 49.520899228038 45.7667250834382
6.375 47.4846858851612 49.3951474238317 45.638391026544
6.390625 47.3578192262846 49.269714949777 45.5104168300097
6.40625 47.2312915219327 49.1446009949772 45.3828014847541
6.421875 47.1051018665077 49.0198047505944 45.2555439845256
6.4375 46.9792493568313 48.8953254098449 45.1286433258942
6.453125 46.8537330921382 48.7711621679937 45.0020985082437
6.46875 46.7285521740698 48.6473142223492 44.8759085337636
6.484375 46.6037057066676 48.5237807722581 44.7500724074414
6.5 46.479192796367 48.4005610191005 44.6245891370548
6.515625 46.3550125519906 48.2776541662842 44.4994577331635
6.53125 46.2311640847421 48.1550594192401 44.374677209102
6.546875 46.1076465081999 48.0327759854167 44.2502465809713
6.5625 45.9844589383104 47.9108030742749 44.1261648676315
6.578125 45.8616004933823 47.7891398972833 44.0024310906938
6.59375 45.7390702940798 47.6677856679128 43.8790442745127
6.609375 45.6168674634163 47.5467396016317 43.756003446179
6.625 45.4949911267487 47.4260009159003 43.6333076355111
6.640625 45.3734404117702 47.3055688301661 43.5109558750483
6.65625 45.2522144485049 47.1854425658589 43.3889472000424
6.671875 45.1313123693013 47.0656213463854 43.2672806484506
6.6875 45.0107333088257 46.9461043971243 43.1459552609278
6.703125 44.8904764040568 46.8268909454216 43.024970080819
6.71875 44.7705407942786 46.7079802205852 42.9043241541516
6.734375 44.6509256210751 46.58937145388 42.7840165296281
6.75 44.5316300283236 46.4710638785231 42.6640462586186
6.765625 44.4126531621886 46.3530567296787 42.5444123951532
6.78125 44.293994171116 46.2353492444533 42.4251139959145
6.796875 44.1756522058269 46.1179406618905 42.3061501202304
6.8125 44.0576264193112 46.0008302229664 42.1875198300664
6.828125 43.9399159668219 45.8840171705845 42.0692221900184
6.84375 43.8225200058692 45.7675007495707 41.9512562673052
6.859375 43.7054376962138 45.6512802066689 41.8336211317612
6.875 43.5886681998615 45.5353547905354 41.7163158558293
6.890625 43.472210681057 45.4197237517346 41.5993395145529
6.90625 43.3560643062779 45.3043863427342 41.4826911855696
6.921875 43.2402282442288 45.1893418178999 41.366369949103
6.9375 43.1247016658353 45.0745894334909 41.2503748879559
6.953125 43.0094837442379 44.9601284476551 41.1347050875031
6.96875 42.8945736547864 44.845958120424 41.0193596356841
6.984375 42.779970575034 44.7320777137086 40.9043376229957
7 42.6656736847309 44.6184864912938 40.7896381424854
7.015625 42.5516821658191 44.505183718834 40.6752602897435
7.03125 42.4379952024261 44.3921686638488 40.5612031628966
7.046875 42.3246119808591 44.2794405957173 40.4474658626
7.0625 42.2115316895997 44.1669987856744 40.3340474920311
7.078125 42.0987535192971 44.0548425068051 40.2209471568819
7.09375 41.9862766627632 43.9429710340408 40.1081639653523
7.109375 41.8741003149665 43.8313836441537 39.9956970281426
7.125 41.7622236730261 43.720079615753 39.883545458447
7.140625 41.6506459362066 43.6090582292792 39.7717083719464
7.15625 41.5393663059115 43.4983187670005 39.6601848868012
7.171875 41.4283839856783 43.3878605130076 39.5489741236448
7.1875 41.3176981811722 43.2776827532089 39.4380752055763
7.203125 41.2073081001808 43.1677847753264 39.3274872581537
7.21875 41.0972129526081 43.0581658688908 39.2172094093871
7.234375 40.9874119504693 42.9488253252368 39.1072407897316
7.25 40.8779043078847 42.8397624374988 38.9975805320808
7.265625 40.7686892410744 42.7309765006063 38.8882277717595
7.28125 40.6597659683523 42.6224668112789 38.7791816465172
7.296875 40.551133710121 42.5142326680223 38.6704412965214
7.3125 40.4427916888659 42.4062733711236 38.5620058643504
7.328125 40.3347391291498 42.2985882226467 38.453874494987
7.34375 40.2269752576071 42.1911765264276 38.3460463358114
7.359375 40.1194993029386 42.0840375880704 38.2385205365947
7.375 40.0123104959056 41.9771707149425 38.1312962494921
7.390625 39.9054080693249 41.8705752161699 38.0243726290361
7.40625 39.7987912580627 41.7642504026332 37.9177488321303
7.421875 39.6924592990297 41.658195586963 37.8114240180421
7.4375 39.5864114311752 41.5524100835351 37.7053973483965
7.453125 39.4806468954819 41.4468932084666 37.5996679871694
7.46875 39.3751649349604 41.3416442796111 37.494235100681
7.484375 39.2699647946437 41.2366626165546 37.3890978575891
7.5 39.165045721582 41.1319475406106 37.2842554288828
7.515625 39.0604069648371 41.0274983748163 37.1797069878758
7.53125 38.9560477754771 40.923314443928 37.0754517101999
7.546875 38.8519674065711 40.8193950744164 36.9714887737984
7.5625 38.7481651131839 40.7157395944627 36.8678173589198
7.578125 38.6446401523703 40.6123473339543 36.7644366481112
7.59375 38.5413917831702 40.5092176244799 36.6613458262121
7.609375 38.4384192666034 40.4063497993258 36.5585440803476
7.625 38.3357218656635 40.3037431934712 36.4560305999221
7.640625 38.2332988453137 40.2013971435842 36.3538045766133
7.65625 38.1311494724809 40.099310988017 36.2518652043652
7.671875 38.0292730160503 39.9974840668023 36.1502116793822
7.6875 37.9276687468609 39.8959157216487 36.0488432001226
7.703125 37.8263359376995 39.7946052959361 35.9477589672923
7.71875 37.7252738632959 39.6935521347123 35.8469581838385
7.734375 37.6244818003176 39.5927555846878 35.7464400549432
7.75 37.5239590273648 39.4922149942323 35.6462037880176
7.765625 37.423704824965 39.3919297133702 35.5462485926949
7.78125 37.3237184755679 39.2918990937764 35.4465736808249
7.796875 37.2239992635403 39.1921224887721 35.3471782664672
7.8125 37.1245464751611 39.0925992533207 35.2480615658856
7.828125 37.025359398616 38.9933287440236 35.1492227975411
7.84375 36.9264373239924 38.8943103191159 35.0506611820866
7.859375 36.8277795432747 38.7955433384627 34.9523759423601
7.875 36.7293853503385 38.6970271635542 34.854366303379
7.890625 36.6312540409463 38.5987611575023 34.7566314923337
7.90625 36.5333849127421 38.5007446850361 34.6591707385818
7.921875 36.4357772652462 38.402977112498 34.5619832736417
7.9375 36.3384303998506 38.3054578078394 34.4650683311866
7.953125 36.2413436198138 38.2081861406166 34.3684251470389
7.96875 36.1445162302558 38.1111614819869 34.2720529591635
7.984375 36.047947538153 38.0143832047047 34.1759510076621
8 35.9516368523335 37.9178506831168 34.0801185347676
8.015625 35.855583483472 37.8215632931591 33.9845547848373
8.03125 35.7597867440849 37.7255204123521 33.8892590043476
8.046875 35.6642459485254 37.6297214197968 33.7942304418879
8.0625 35.5689604129786 37.5341656961714 33.6994683481546
8.078125 35.4739294554564 37.4388526237262 33.604971975945
8.09375 35.3791523957929 37.3437815862806 33.5107405801519
8.109375 35.2846285556396 37.2489519692186 33.4167734177574
8.125 35.1903572584601 37.1543631594849 33.323069747827
8.140625 35.0963378295257 37.060014545581 33.2296288315038
8.15625 35.0025695959103 36.9659055175612 33.1364499320029
8.171875 34.9090518864856 36.8720354670286 33.0435323146052
8.1875 34.8157840319167 36.7784037871315 32.9508752466521
8.203125 34.7227653646567 36.685009872559 32.8584779975391
8.21875 34.6299952189423 36.5918531195372 32.7663398387107
8.234375 34.537472930789 36.4989329258258 32.6744600436542
8.25 34.4451978379861 36.4062486907134 32.582837887894
8.265625 34.3531692800923 36.3137998150143 32.4914726489861
8.28125 34.261386598431 36.2215857010643 32.4003636065123
8.296875 34.169849136085 36.1296057527167 32.3095100420746
8.3125 34.0785562378927 36.0378593753388 32.2189112392893
8.328125 33.9875072504424 35.946345975808 32.1285664837815
8.34375 33.8967015220685 35.8550649625076 32.0384750631797
8.359375 33.8061384028464 35.7640157453234 31.9486362671097
8.375 33.7158172445879 35.6731977356397 31.8590493871894
8.390625 33.6257374008366 35.5826103463355 31.769713717023
8.40625 33.5358982268633 35.4922529917807 31.6806285521955
8.421875 33.4462990796613 35.4021250878323 31.5917931902672
8.4375 33.3569393179418 35.3122260518308 31.503206930768
8.453125 33.2678183021294 35.222555302596 31.414869075192
8.46875 33.1789353943576 35.1331122604238 31.3267789269922
8.484375 33.090289958464 35.0438963470821 31.2389357915745
8.5 33.0018813599857 34.9549069858072 31.1513389762926
8.515625 32.9137089661552 34.8661436012998 31.0639877904425
8.53125 32.8257721458955 34.7776056197218 30.9768815452569
8.546875 32.7380702698156 34.689292468692 30.8900195538999
8.5625 32.6506027102061 34.601203577283 30.8034011314617
8.578125 32.5633688410348 34.5133383760168 30.7170255949527
8.59375 32.4763680379418 34.4256962968619 30.6308922632988
8.609375 32.3895996782356 34.338276773229 30.5450004573356
8.625 32.3030631408882 34.2510792399677 30.459349499803
8.640625 32.2167578065311 34.1641031333626 30.3739387153403
8.65625 32.1306830574502 34.0773478911298 30.2887674304801
8.671875 32.044838277582 33.9908129524135 30.203834973644
8.6875 31.959222852509 33.9044977577818 30.1191406751365
8.703125 31.8738361694551 33.8184017492236 30.0346838671398
8.71875 31.7886776172815 33.7325243701446 29.9504638837091
8.734375 31.7037465864822 33.6468650653641 29.8664800607667
8.75 31.6190424691795 33.5614232811111 29.7827317360972
8.765625 31.53456465912 33.4761984650209 29.6992182493419
8.78125 31.4503125516699 33.3911900661314 29.6159389419942
8.796875 31.3662855438109 33.3063975348796 29.5328931573935
8.8125 31.2824830341358 33.221820323098 29.4500802407209
8.828125 31.1989044228441 33.1374578840113 29.3674995389936
8.84375 31.115549111738 33.0533096722323 29.2851504010597
8.859375 31.0324165042176 32.9693751437592 29.2030321775933
8.875 30.9495060052775 32.8856537559712 29.1211442210893
8.890625 30.8668170215014 32.8021449676256 29.0394858858582
8.90625 30.7843489610589 32.7188482388542 28.958056528021
8.921875 30.7021012337005 32.6357630311595 28.8768555055044
8.9375 30.620073250754 32.5528888074117 28.7958821780353
8.953125 30.5382644251196 32.4702250318447 28.7151359071361
8.96875 30.4566741712666 32.3877711700533 28.6346160561196
8.984375 30.3753019052281 32.3055266889888 28.5543219900839
9 30.2941470445978 32.2234910569566 28.4742530759072
9.015625 30.2132090085253 32.141663743612 28.3944086822435
9.03125 30.1324872177121 32.0600442199572 28.3147881795166
9.046875 30.0519810944075 31.9786319583376 28.2353909399162
9.0625 29.9716900624042 31.8974264324384 28.156216337392
9.078125 29.8916135470347 31.8164271172817 28.0772637476495
9.09375 29.8117509751665 31.7356334892223 27.9985325481447
9.109375 29.7321017751986 31.655045025945 27.9200221180793
9.125 29.6526653770571 31.5746612064608 27.8417318383956
9.140625 29.5734412121912 31.4944815111036 27.763661091772
9.15625 29.4944287135691 31.4145054215273 27.6858092626178
9.171875 29.4156273156739 31.3347324207016 27.6081757370685
9.1875 29.3370364544998 31.2551619929095 27.530759902981
9.203125 29.2586555675476 31.1757936237434 27.4535611499287
9.21875 29.1804840938213 31.096626800102 27.3765788691965
9.234375 29.1025214738234 31.017661010187 27.2998124537765
9.25 29.0247671495514 30.9388957434998 27.2232612983627
9.265625 28.9472205644937 30.8603304908379 27.1469247993464
9.28125 28.8698811636253 30.781964744292 27.0708023548116
9.296875 28.7927483934044 30.7037979972428 26.9948933645301
9.3125 28.7158217017679 30.6258297443571 26.9191972299568
9.328125 28.6391005381277 30.5480594815852 26.8437133542249
9.34375 28.5625843533668 30.4704867061571 26.7684411421412
9.359375 28.4862725998352 30.3931109165799 26.6933800001818
9.375 28.4101647313462 30.3159316126339 26.6185293364868
9.390625 28.3342602031723 30.2389482953696 26.543888560856
9.40625 28.2585584720414 30.1621604671048 26.4694570847442
9.421875 28.1830589961327 30.0855676314207 26.3952343212566
9.4375 28.1077612350733 30.0091692931596 26.3212196851439
9.453125 28.0326646499339 29.9329649584206 26.2474125927981
9.46875 27.957768703225 29.8569541345575 26.1738124622476
9.484375 27.8830728588932 29.7811363301748 26.1004187131527
9.5 27.8085765823173 29.7055110551251 26.0272307668011
9.515625 27.7342793403045 29.6300778205053 25.9542480461031
9.53125 27.6601806010865 29.554836138654 25.8814699755874
9.546875 27.5862798343157 29.4797855231484 25.8088959813962
9.5625 27.5125765110616 29.4049254888005 25.7365254912811
9.578125 27.4390701038067 29.3302555516546 25.664357934598
9.59375 27.3657600864431 29.2557752289838 25.5923927423032
9.609375 27.2926459342682 29.1814840392871 25.5206293469486
9.625 27.2197271239815 29.1073815022863 25.4490671826771
9.640625 27.1470031336806 29.0334671389227 25.3777056852186
9.65625 27.0744734428576 28.9597404713541 25.3065442918851
9.671875 27.0021375323949 28.8862010229518 25.2355824415663
9.6875 26.9299948845621 28.8128483182972 25.1648195747256
9.703125 26.8580449830122 28.7396818831793 25.0942551333952
9.71875 26.7862873127774 28.6667012445911 25.0238885611719
9.734375 26.7147213602659 28.5939059307268 24.9537193032127
9.75 26.6433466132581 28.5212954709785 24.8837468062307
9.765625 26.572162560903 28.4488693959337 24.8139705184899
9.78125 26.5011686937144 28.3766272373716 24.7443898898021
9.796875 26.4303645035671 28.3045685282606 24.6750043715212
9.8125 26.3597494836938 28.2326928027549 24.6058134165401
9.828125 26.289323128681 28.1609995961918 24.5368164792856
9.84375 26.2190849344655 28.0894884450884 24.4680130157143
9.859375 26.149034398331 28.0181588871388 24.3994024833085
9.875 26.079171018904 27.9470104612111 24.3309843410715
9.890625 26.0094942961509 27.8760427073445 24.262758049524
9.90625 25.9400037313738 27.805255166746 24.194723070699
9.921875 25.8706988272074 27.7346473817877 24.1268788681385
9.9375 25.801579087615 27.6642188960039 24.0592249068883
9.953125 25.7326440178853 27.5939692540878 23.9917606534945
9.96875 25.6638931246288 27.5238980018891 23.9244855759991
9.984375 25.5953259157741 27.4540046864105 23.8573991439357
10 25.5269419005646 27.3842888558052 23.7905008283253
10.015625 25.4587405895547 27.3147500593737 23.7237901016723
10.03125 25.3907214946066 27.245387847561 23.6572664379602
10.046875 25.3228841288867 27.1762017719538 23.5909293126475
10.0625 25.255228006862 27.1071913852772 23.5247782026636
10.078125 25.1877526442968 27.0383562413925 23.4588125864047
10.09375 25.120457558249 26.9696958952935 23.3930319437293
10.109375 25.0533422670671 26.9012099031044 23.3274357559549
10.125 24.9864062903861 26.8328978220764 23.262023505853
10.140625 24.9196491491246 26.7647592105849 23.1967946776458
10.15625 24.8530703654811 26.6967936281269 23.1317487570015
10.171875 24.7866694629308 26.6290006353179 23.0668852310308
10.1875 24.7204459662219 26.5613797938893 23.0022035882824
10.203125 24.6543994013724 26.4939306666852 22.9377033187392
10.21875 24.5885292956666 26.4266528176601 22.8733839138143
10.234375 24.5228351776519 26.3595458118755 22.8092448663468
10.25 24.4573165771352 26.2926092154975 22.745285670598
10.265625 24.3919730251797 26.2258425957939 22.6815058222474
10.28125 24.3268040541014 26.1592455211313 22.6179048183885
10.296875 24.2618091974659 26.0928175609723 22.5544821575252
10.3125 24.1969879900849 26.0265582858729 22.4912373395675
10.328125 24.1323399680131 25.9604672674797 22.4281698658277
10.34375 24.0678646685445 25.8945440785269 22.3652792390165
10.359375 24.0035616302097 25.8287882928337 22.302564963239
10.375 23.9394303927718 25.7631994853015 22.2400265439909
10.390625 23.8754704972239 25.6977772319114 22.1776634881546
10.40625 23.8116814857853 25.632521109721 22.115475303995
10.421875 23.7480629018983 25.567430696862 22.0534615011561
10.4375 23.684614290225 25.5025055725373 21.9916215906568
10.453125 23.6213351966442 25.4377453170185 21.9299550848873
10.46875 23.5582251682479 25.373149511643 21.8684614976048
10.484375 23.4952837533381 25.3087177388112 21.8071403439302
10.5 23.4325105014238 25.2444495819842 21.7459911403441
10.515625 23.3699049632173 25.1803446256806 21.6850134046827
10.53125 23.3074666906316 25.1164024554741 21.6242066561344
10.546875 23.2451952367766 25.052622657991 21.5635704152358
10.5625 23.1830901559563 24.989004820907 21.5031042038679
10.578125 23.1211510036655 24.9255485329451 21.4428075452524
10.59375 23.0593773365866 24.8622533838724 21.3826799639482
10.609375 22.9977687125864 24.7991189644981 21.3227209858469
10.625 22.9363246907129 24.7361448666702 21.26293013817
10.640625 22.8750448311924 24.6733306832733 21.2033069494643
10.65625 22.813928695426 24.6106760082256 21.143850949599
10.671875 22.7529758459865 24.5481804364768 21.0845616697612
10.6875 22.6921858466158 24.485843564005 21.025438642453
10.703125 22.6315582622209 24.4236649878142 20.966481401487
10.71875 22.5710926588716 24.3616443059319 20.9076894819834
10.734375 22.5107886037969 24.2997811174063 20.8490624203657
10.75 22.450645665382 24.2380750223037 20.7905997543574
10.765625 22.3906634131654 24.176525621706 20.7323010229783
10.78125 22.3308414178356 24.1151325177083 20.6741657665408
10.796875 22.2711792512282 24.0538953134158 20.6161935266463
10.8125 22.2116764863225 23.9928136129417 20.5583838461815
10.828125 22.152332697239 23.9318870214047 20.5007362693152
10.84375 22.0931474592357 23.871115144926 20.443250341494
10.859375 22.0341203487059 23.810497590627 20.3859256094393
10.875 21.975250943174 23.7500339666269 20.3287616211436
10.890625 21.9165388212938 23.6897238820399 20.2717579258667
10.90625 21.8579835628443 23.629566946973 20.2149140741325
10.921875 21.7995847487276 23.5695627725231 20.1582296177251
10.9375 21.7413419609654 23.5097109707747 20.1017041096855
10.953125 21.6832547826959 23.4500111547975 20.0453371043081
10.96875 21.6253227981714 23.3904629386434 19.9891281571371
10.984375 21.5675455927548 23.3310659373448 19.9330768249627
11 21.5099227529167 23.2718197669115 19.8771826658183
11.015625 21.4524538662328 23.2127240443282 19.8214452389764
11.03125 21.3951385213805 23.1537783875526 19.7658641049454
11.046875 21.3379763081361 23.0949824155122 19.7104388254659
11.0625 21.2809668173721 23.0363357481023 19.6551689635078
11.078125 21.224109641054 22.9778380061836 19.6000540832661
11.09375 21.1674043722374 22.9194888115793 19.545093750158
11.109375 21.1108506050652 22.8612877870731 19.4902875308194
11.125 21.0544479347646 22.8032345564064 19.4356349931011
11.140625 20.9981959576443 22.7453287442764 19.381135706066
11.15625 20.9420942710917 22.6875699763331 19.3267892399851
11.171875 20.8861424735695 22.629957879177 19.2725951663348
11.1875 20.8303401646135 22.5724920803571 19.2185530577927
11.203125 20.7746869448293 22.515172208368 19.1646624882349
11.21875 20.7191824158898 22.4579978926477 19.1109230327322
11.234375 20.6638261805318 22.4009687635752 19.0573342675472
11.25 20.6086178425538 22.3440844524682 19.0038957701305
11.265625 20.5535570068125 22.2873445915804 18.9506071191175
11.28125 20.4986432792206 22.2307488140996 18.8974678943255
11.296875 20.4438762667437 22.174296754145 18.8444776767496
11.3125 20.3892555773972 22.1179880467647 18.7916360485601
11.328125 20.3347808202441 22.0618223279338 18.7389425930989
11.34375 20.2804516053917 22.0057992345517 18.6863968948761
11.359375 20.2262675439891 21.9499184044399 18.633998539567
11.375 20.1722282482243 21.8941794763395 18.5817471140087
11.390625 20.1183333313212 21.838582089909 18.5296422061968
11.40625 20.0645824075375 21.7831258857221 18.4776834052823
11.421875 20.010975092161 21.7278105052648 18.4258703015681
11.4375 19.9575110015078 21.6726355909341 18.3742024865061
11.453125 19.9041897529188 21.6176007860345 18.3226795526936
11.46875 19.8510109647573 21.5627057347767 18.2713010938704
11.484375 19.7979742564065 21.5079500822747 18.2200667049156
11.5 19.7450792482663 21.4533334745437 18.1689759818442
11.515625 19.6923255617506 21.3988555584978 18.1180285218039
11.53125 19.6397128192851 21.3445159819477 18.0672239230722
11.546875 19.5872406443043 21.2903143935985 18.016561785053
11.5625 19.5349086612484 21.2362504430473 17.9660417082735
11.578125 19.4827164955614 21.1823237807811 17.9156632943811
11.59375 19.4306637736879 21.1285340581743 17.8654261461401
11.609375 19.3787501230705 21.0748809274867 17.8153298674289
11.625 19.3269751721471 21.0213640418611 17.7653740632365
11.640625 19.2753385503484 20.9679830553211 17.7155583396596
11.65625 19.2238398880952 20.9147376227688 17.6658823038993
11.671875 19.1724788167958 20.8616273999828 17.6163455642584
11.6875 19.1212549688429 20.8086520436157 17.5669477301379
11.703125 19.0701679776119 20.7558112111919 17.517688412034
11.71875 19.0192174774573 20.7031045611055 17.4685672215353
11.734375 18.9684031037106 20.6505317526183 17.4195837713194
11.75 18.9177244926777 20.5980924458571 17.3707376751501
11.765625 18.8671812816362 20.5457863018118 17.322028547874
11.78125 18.8167731088327 20.4936129823332 17.2734560054181
11.796875 18.7664996134803 20.4415721501309 17.2250196647859
11.8125 18.7163604357562 20.3896634687708 17.1767191440553
11.828125 18.6663552167987 20.3378866026734 17.1285540623749
11.84375 18.6164835987051 20.2862412171109 17.0805240399612
11.859375 18.5667452245289 20.2347269782061 17.0326286980959
11.875 18.517139738277 20.1833435529292 16.9848676591224
11.890625 18.4676667849079 20.1320906090961 16.9372405464432
11.90625 18.4183260103282 20.0809678153665 16.8897469845168
11.921875 18.3691170613908 20.0299748412414 16.8423865988548
11.9375 18.3200395858922 19.9791113570608 16.7951590160188
11.953125 18.2710932325695 19.9283770340022 16.7480638636175
11.96875 18.2222776510988 19.8777715440778 16.7011007703042
11.984375 18.1735924920918 19.827294560133 16.6542693657729
12 18.1250374070939 19.7769457558436 16.6075692807565
12.015625 18.0766120485812 19.7267248057143 16.5610001470231
12.03125 18.0283160699586 19.6766313850764 16.5145615973734
12.046875 17.9801491255568 19.6266651700854 16.4682532656377
12.0625 17.9321108706301 19.5768258377194 16.4220747866731
12.078125 17.8842009613541 19.5271130657766 16.3760257963608
12.09375 17.8364190548225 19.4775265328735 16.3301059316027
12.109375 17.7887648090457 19.4280659184427 16.2843148303191
12.125 17.7412378829474 19.3787309027308 16.2386521314455
12.140625 17.6938379363628 19.3295211667963 16.1931174749298
12.15625 17.6465646300358 19.2804363925079 16.1477105017297
12.171875 17.5994176256168 19.2314762625418 16.1024308538094
12.1875 17.5523965856601 19.1826404603802 16.0572781741374
12.203125 17.5055011736217 19.133928670309 16.0122521066832
12.21875 17.4587310538566 19.0853405774158 15.9673522964146
12.234375 17.4120858916166 19.036875867588 15.9225783892949
12.25 17.365565353048 18.9885342275104 15.8779300322803
12.265625 17.3191691051888 18.9403153446636 15.8334068733169
12.28125 17.2728968159668 18.8922189073219 15.7890085613379
12.296875 17.2267481541969 18.8442446045509 15.7447347462611
12.3125 17.180722789579 18.7963921262061 15.7005850789859
12.328125 17.1348203926953 18.7486611629303 15.6565592113905
12.34375 17.0890406350082 18.7010514061519 15.6126567963293
12.359375 17.0433831888579 18.6535625480832 15.5688774876303
12.375 16.9978477274598 18.6061942817176 15.525220940092
12.390625 16.9524339249026 18.5589463008285 15.481686809481
12.40625 16.9071414561459 18.5118182999666 15.4382747525291
12.421875 16.8619699970173 18.4648099744587 15.3949844269306
12.4375 16.8169192242108 18.4179210204047 15.3518154913397
12.453125 16.7719888152842 18.3711511346766 15.3087676053679
12.46875 16.7271784486566 18.3245000149162 15.265840429581
12.484375 16.6824878036064 18.2779673595328 15.2230336254967
12.5 16.6379165602689 18.2315528677018 15.1803468555817
12.515625 16.593464399634 18.1852562393623 15.1377797832494
12.53125 16.5491310035437 18.1390771752156 15.0953320728569
12.546875 16.5049160546903 18.0930153767229 15.0530033897024
12.5625 16.4608192366138 18.0470705461035 15.0107934000228
12.578125 16.4168402336997 18.0012423863328 14.9687017709907
12.59375 16.3729787311766 17.9555306011406 14.9267281707121
12.609375 16.3292344151143 17.909934895009 14.8848722682238
12.625 16.2856069724211 17.8644549731704 14.8431337334903
12.640625 16.242096090842 17.819090541606 14.8015122374018
12.65625 16.1987014589563 17.7738413070434 14.7600074517714
12.671875 16.1554227661751 17.7287069769549 14.7186190493322
12.6875 16.1122597027394 17.6836872595558 14.6773467037353
12.703125 16.069211959718 17.6387818638022 14.6361900895468
12.71875 16.0262792290048 17.5939904993894 14.5951488822451
12.734375 15.983461203317 17.5493128767497 14.554222758219
12.75 15.9407575761928 17.504748707051 14.5134113947645
12.765625 15.8981680419892 17.4602977021943 14.4727144700824
12.78125 15.8556922958798 17.4159595748126 14.4321316632762
12.796875 15.8133300338524 17.3717340382683 14.3916626543487
12.8125 15.7710809527074 17.3276208066518 14.3513071242006
12.828125 15.728944750055 17.2836195947795 14.311064754627
12.84375 15.6869211243135 17.2397301181921 14.2709352283152
12.859375 15.6450097747067 17.1959520931524 14.2309182288427
12.875 15.6032104012622 17.152285236644 14.1910134406738
12.890625 15.561522704809 17.108729266369 14.151220549158
12.90625 15.5199463869753 17.0652839007463 14.1115392405267
12.921875 15.4784811501868 17.0219488589102 14.0719692018915
12.9375 15.4371266976638 16.9787238607077 14.0325101212411
12.953125 15.3958827334197 16.9356086266977 13.9931616874394
12.96875 15.3547489622589 16.8926028781483 13.9539235902224
12.984375 15.3137250897741 16.8497063370357 13.9147955201964
13 15.272810822345 16.806918726042 13.8757771688352
13.015625 15.2320058671354 16.7642397685535 13.8368682284775
13.03125 15.1913099320918 16.7216691886588 13.7980683923251
13.046875 15.1507227259406 16.6792067111474 13.7593773544397
13.0625 15.1102439581869 16.6368520615075 13.7207948097413
13.078125 15.0698733391115 16.5946049659244 13.6823204540049
13.09375 15.0296105797694 16.5524651512788 13.643953983859
13.109375 14.9894553919878 16.5104323451447 13.6056950967826
13.125 14.9494074883634 16.4685062757883 13.5675434911029
13.140625 14.9094665822612 16.4266866721655 13.5294988659931
13.15625 14.8696323878117 16.3849732639205 13.49156092147
13.171875 14.8299046199093 16.3433657813843 13.4537293583915
13.1875 14.7902829942101 16.3018639555723 13.4160038784545
13.203125 14.7507672271299 16.2604675181834 13.3783841841921
13.21875 14.7113570358421 16.2191762015973 13.3408699789717
13.234375 14.672052138276 16.1779897388738 13.3034609669924
13.25 14.6328522531141 16.1369078637502 13.2661568532828
13.265625 14.5937570997909 16.0959303106401 13.2289573436986
13.28125 14.5547663984901 16.0550568146315 13.1918621449204
13.296875 14.5158798701435 16.014287111485 13.1548709644512
13.3125 14.477097236428 15.9736209376323 13.1179835106142
13.328125 14.4384182197644 15.9330580301745 13.0811994925504
13.34375 14.3998425433151 15.8925981268801 13.0445186202166
13.359375 14.361369930982 15.8522409661836 13.0079406043828
13.375 14.3230001074047 15.8119862871837 12.9714651566299
13.390625 14.2847327979587 15.7718338296417 12.9350919893479
13.40625 14.2465677287529 15.7317833339795 12.8988208157328
13.421875 14.2085046266282 15.6918345412785 12.8626513497853
13.4375 14.1705432191553 15.6519871932772 12.8265833063078
13.453125 14.1326832346325 15.6122410323704 12.7906164009024
13.46875 14.0949244020844 15.5725958016067 12.7547503499688
13.484375 14.0572664512592 15.5330512446872 12.7189848707019
13.5 14.0197091126275 15.493607105964 12.6833196810897
13.515625 13.9822521173798 15.4542631304383 12.6477544999107
13.53125 13.9448951974248 15.4150190637588 12.6122890467323
13.546875 13.9076380853874 15.3758746522203 12.5769230419081
13.5625 13.8704805146071 15.3368296427615 12.5416562065758
13.578125 13.8334222191357 15.297883782964 12.5064882626552
13.59375 13.7964629337354 15.2590368210502 12.4714189328459
13.609375 13.7596023938774 15.2202885058821 12.4364479406247
13.625 13.7228403357392 15.1816385869591 12.4015750102443
13.640625 13.6861764962037 15.1430868144171 12.3667998667303
13.65625 13.6496106128562 15.1046329390261 12.3321222358795
13.671875 13.6131424239835 15.0662767121892 12.2975418442574
13.6875 13.5767716685716 15.0280178859408 12.2630584191964
13.703125 13.5404980863036 14.989856212945 12.2286716887935
13.71875 13.5043214175585 14.9517914464937 12.1943813819082
13.734375 13.4682414034086 14.9138233405057 12.1601872281599
13.75 13.4322577856181 14.8759516495243 12.1260889579267
13.765625 13.3963703066412 14.8381761287165 12.0920863023425
13.78125 13.36057870962 14.8004965338706 12.058178993295
13.796875 13.3248827383832 14.7629126213953 12.024366763424
13.8125 13.2892821374436 14.7254241483179 11.9906493461187
13.828125 13.2537766519967 14.6880308722825 11.9570264755162
13.84375 13.2183660279188 14.6507325515488 11.9234978864988
13.859375 13.1830500117652 14.6135289449904 11.8900633146924
13.875 13.1478283507682 14.5764198120929 11.8567224964643
13.890625 13.1127007928356 14.5394049129531 11.8234751689208
13.90625 13.0776670865485 14.5024840082767 11.7903210699057
13.921875 13.0427269811599 14.4656568593771 11.7572599379975
13.9375 13.0078802265927 14.4289232281738 11.7242915125082
13.953125 12.973126573438 14.3922828771911 11.6914155334805
13.96875 12.9384657729531 14.355735569556 11.6586317416861
13.984375 12.9038975770599 14.3192810689972 11.6259398786236
14 12.8694217383433 14.2829191398434 11.5933396865165
14.015625 12.8350380100489 14.2466495470216 11.5608309083112
14.03125 12.800746146082 14.210472056056 11.5284132876746
14.046875 12.7665459010049 14.1743864330659 11.4960865689928
14.0625 12.732437030036 14.1383924447648 11.4638504973684
14.078125 12.6984192890476 14.1024898584584 11.4317048186187
14.09375 12.6644924345642 14.0666784420433 11.399649279274
14.109375 12.6306562237609 14.0309579640057 11.3676836265751
14.125 12.5969104144614 13.9953281934196 11.3358076084718
14.140625 12.5632547651366 13.9597888999452 11.3040209736205
14.15625 12.5296890349025 13.9243398538278 11.2723234713825
14.171875 12.496212983519 13.8889808258962 11.2407148518216
14.1875 12.4628263713877 13.8537115875611 11.209194865703
14.203125 12.4295289595501 13.8185319108136 11.1777632644903
14.21875 12.3963205096864 13.7834415682238 11.1464198003443
14.234375 12.3632007841136 13.7484403329394 11.1151642261205
14.25 12.3301695457836 13.7135279786841 11.0839962953677
14.265625 12.2972265582815 13.6787042797563 11.0529157623256
14.28125 12.2643715858243 13.6439690110273 11.021922381923
14.296875 12.2316043932587 13.6093219479405 10.9910159097761
14.3125 12.1989247460599 13.5747628665091 10.9601961021863
14.328125 12.1663324103295 13.5402915433153 10.9294627161381
14.34375 12.1338271527942 13.5059077555087 10.8988155092978
14.359375 12.1014087408038 13.4716112808045 10.868254240011
14.375 12.0690769423297 13.4374018974829 10.837778667301
14.390625 12.0368315259632 13.4032793843865 10.8073885508668
14.40625 12.004672260914 13.3692435209199 10.7770836510813
14.421875 11.9725989170083 13.3352940870478 10.7468637289892
14.4375 11.9406112646872 13.3014308632936 10.7167285463054
14.453125 11.9087090750053 13.2676536307381 10.6866778654128
14.46875 11.8768921196287 13.2339621710179 10.6567114493607
14.484375 11.8451601708337 13.2003562663242 10.626829061863
14.5 11.8135130015049 13.1668356994013 10.5970304672957
14.515625 11.7819503851338 13.1334002535451 10.5673154306961
14.53125 11.750472095817 13.100049712602 10.5376837177599
14.546875 11.7190779082546 13.0667838609669 10.50813509484
14.5625 11.6877675977488 13.0336024835828 10.4786693289445
14.578125 11.6565409402021 13.0005053659381 10.4492861877347
14.59375 11.6253977121155 12.9674922940666 10.4199854395235
14.609375 11.5943376905874 12.9345630545448 10.3907668532735
14.625 11.5633606533117 12.9017174344918 10.361630198595
14.640625 11.532466378576 12.8689552215668 10.3325752457444
14.65625 11.5016546452607 12.8362762039684 10.3036017656225
14.671875 11.4709252328365 12.803680170433 10.2747095297722
14.6875 11.4402779213637 12.7711669102335 10.2458983103773
14.703125 11.4097124914899 12.738736213178 10.2171678802603
14.71875 11.3792287244489 12.7063878696082 10.1885180128806
14.734375 11.348826402059 12.6741216703982 10.159948482333
14.75 11.3185053067214 12.6419374069534 10.1314590633458
14.765625 11.2882652214187 12.6098348712085 10.1030495312789
14.78125 11.2581059297132 12.5778138556268 10.074719662122
14.796875 11.2280272157456 12.5458741531987 10.0464692324932
14.8125 11.1980288642332 12.5140155574401 10.0182980196367
14.828125 11.1681106604687 12.4822378623912 9.99020580142158
14.84375 11.1382723903181 12.4505408626154 9.96219235633965
14.859375 11.1085138402198 12.4189243531977 9.93425746350389
14.875 11.0788347971826 12.3873881297433 9.90640090264665
14.890625 11.0492350487845 12.3559319883767 9.87862245411796
14.90625 11.0197143831709 12.32455572574 9.85092189888373
14.921875 10.9902725890534 12.2932591389915 9.82329901852411
14.9375 10.9609094557078 12.2620420258049 9.79575359523166
14.953125 10.9316247729733 12.2309041843675 9.76828541180974
14.96875 10.9024183312503 12.1998454133792 9.74089425167074
14.984375 10.8732899214993 12.168865512051 9.71357989883437
15 10.8442393352393 12.1379642801037 9.68634213792596
15.015625 10.8152663645463 12.1071415177668 9.65918075417479
15.03125 10.7863708020517 12.0763970257771 9.63209553341237
15.046875 10.7575524409411 12.0457306053773 9.60508626207076
15.0625 10.7288110749527 12.0151420583149 9.57815272718088
15.078125 10.7001464983755 11.9846311868408 9.55129471637083
15.09375 10.6715585060484 11.9541977937081 9.52451201786423
15.109375 10.6430468933584 11.9238416821707 9.49780442047853
15.125 10.6146114562389 11.8935626559822 9.47117171362337
15.140625 10.5862519911687 11.8633605193945 9.4446136872989
15.15625 10.5579682951705 11.8332350771566 9.4181301320941
15.171875 10.5297601658092 11.8031861345133 9.39172083918521
15.1875 10.5016274011903 11.7732134972039 9.36538560033399
15.203125 10.4735697999591 11.743316971461 9.33912420788612
15.21875 10.4455871612986 11.7134963640095 9.3129364547696
15.234375 10.4176792849284 11.6837514820647 9.28682213449303
15.25 10.3898459711034 11.6540821333317 9.26078104114406
15.265625 10.3620870206118 11.6244881260039 9.23481296938772
15.28125 10.3344022347742 11.5949692687616 9.20891771446484
15.296875 10.3067914154422 11.5655253707712 9.1830950721904
15.3125 10.2792543649966 11.5361562416835 9.15734483895194
15.328125 10.2517908863461 11.5068616916327 9.13166681170791
15.34375 10.2244007829263 11.4776415312351 9.10606078798618
15.359375 10.1970838586977 11.4484955715881 9.08052656588229
15.375 10.1698399181446 11.4194236242685 9.05506394405801
15.390625 10.1426687662738 11.3904255013319 9.02967272173964
15.40625 10.1155702086129 11.3615010153109 9.00435269871647
15.421875 10.0885440512092 11.3326499792142 8.9791036753392
15.4375 10.0615901006281 11.3038722065255 8.95392545251838
15.453125 10.034708163952 11.275167511202 8.92881783172281
15.46875 10.0078980487784 11.2465357076733 8.90378061497799
15.484375 9.98115956321913 11.2179766108403 8.87881360486457
15.5 9.95449251589861 11.1894900360739 8.85391660451678
15.515625 9.92789671595253 11.1610757992139 8.82908941762086
15.53125 9.90137197302656 11.1327337165677 8.80433184841355
15.546875 9.87491809727491 11.1044636049092 8.77964370168052
15.5625 9.84853489935904 11.0762652814775 8.75502478275486
15.578125 9.82222219044626 11.0481385639759 8.73047489751549
15.59375 9.7959797822084 11.0200832705705 8.70599385238567
15.609375 9.76980748682043 10.9920992198893 8.6815814543315
15.625 9.74370511695917 10.9641862310207 8.65723751086032
15.640625 9.7176724858019 10.9363441235126 8.63296183001928
15.65625 9.69170940702505 10.9085727173711 8.60875422039374
15.671875 9.66581569480285 10.8808718330595 8.58461449110583
15.6875 9.63999116380601 10.8532412914967 8.56054245181291
15.703125 9.6142356292004 10.8256809140567 8.53653791270609
15.71875 9.58854890664571 10.798190522567 8.51260068450872
15.734375 9.56293081229414 10.7707699393073 8.48873057847487
15.75 9.53738116278908 10.7434189870089 8.46492740638791
15.765625 9.51189977526381 10.7161374888532 8.44119098055896
15.78125 9.48648646734018 10.6889252684704 8.41752111382546
15.796875 9.46114105712729 10.6617821499389 8.39391761954964
15.8125 9.43586336322024 10.6347079577834 8.3703803116171
15.828125 9.41065320469876 10.6077025169747 8.34690900443532
15.84375 9.38551040112597 10.5807656529276 8.3235035129322
15.859375 9.36043477254707 10.5538971915006 8.30016365255459
15.875 9.33542613948804 10.5270969589942 8.27688923926685
15.890625 9.31048432295438 10.50036478215 8.2536800895494
15.90625 9.28560914442983 10.4737004881496 8.23053602039724
15.921875 9.26080042587504 10.4471039046135 8.20745684931856
15.9375 9.23605798972636 10.4205748595999 8.18444239433326
15.953125 9.21138165889455 10.3941131816036 8.16149247397153
15.96875 9.18677125676349 10.3677186995548 8.13860690727244
15.984375 9.16222660718894 10.3413912428185 8.11578551378244
16 9.13774753449727 10.3151306411925 8.09302811355404
16.015625 9.1133338634842 10.2889367249071 8.07033452714431
16.03125 9.08898541941355 10.2628093246238 8.0477045756135
16.046875 9.064702028016 10.2367482714339 8.02513808052364
16.0625 9.04048351548783 10.2107533968576 8.00263486393708
16.078125 9.01632970848966 10.184824532843 7.98019474841516
16.09375 8.99224043414526 10.1589615117652 7.95781755701676
16.109375 8.96821552004024 10.1331641664245 7.93550311329692
16.125 8.94425479422088 10.1074323300461 7.91325124130544
16.140625 8.92035808519288 10.0817658362786 7.8910617655855
16.15625 8.89652522192012 10.0561645191931 7.86893451117229
16.171875 8.87275603382344 10.0306282132819 7.84686930359162
16.1875 8.84905035077943 10.0051567534578 7.82486596885852
16.203125 8.8254080031192 9.97974997505255 7.80292433347591
16.21875 8.80182882162716 9.95440771381631 7.78104422443319
16.234375 8.77831263753986 9.92912980591619 7.75922546920493
16.25 8.75485928254469 9.90391608793536 7.73746789574944
16.265625 8.73146858877876 9.878766396872 7.71577133250748
16.28125 8.70814038882767 9.85368057013814 7.69413560840086
16.296875 8.68487451572427 9.82865844555875 7.67256055283111
16.3125 8.66167080294755 9.80369986137059 7.65104599567816
16.328125 8.63852908442136 9.7788046562212 7.62959176729892
16.34375 8.6154491945133 9.75397266916785 7.60819769852605
16.359375 8.59243096803345 9.72920373967652 7.58686362066653
16.375 8.56947424023329 9.70449770762082 7.5655893655004
16.390625 8.54657884680441 9.679854413281 7.54437476527938
16.40625 8.52374462387743 9.65527369734288 7.52321965272559
16.421875 8.50097140802077 9.63075540089686 7.50212386103019
16.4375 8.4782590362395 9.60629936543686 7.48108722385212
16.453125 8.45560734597415 9.58190543285929 7.46010957531672
16.46875 8.4330161750996 9.55757344546206 7.43919075001449
16.484375 8.41048536192387 9.53330324594354 7.41833058299973
16.5 8.38801474518697 9.50909467740154 7.39752890978926
16.515625 8.36560416405976 9.48494758333232 7.37678556636116
16.53125 8.34325345814281 9.46086180762955 7.35610038915339
16.546875 8.3209624674652 9.4368371945833 7.33547321506261
16.5625 8.29873103248346 9.41287358887907 7.31490388144279
16.578125 8.27655899408033 9.38897083559673 7.29439222610399
16.59375 8.25444619356368 9.36512878020957 7.27393808731108
16.609375 8.2323924726654 9.34134726858329 7.25354130378243
16.625 8.2103976735402 9.31762614697497 7.23320171468868
16.640625 8.1884616387645 9.2939652620321 7.21291915965141
16.65625 8.16658421133534 9.27036446079161 7.19269347874196
16.671875 8.14476523466922 9.24682359067885 7.1725245124801
16.6875 8.12300455260099 9.2233424995066 7.15241210183281
16.703125 8.10130200938274 9.19992103547412 7.132356088213
16.71875 8.07965744968267 9.17655904716614 7.11235631347828
16.734375 8.05807071858399 9.15325638355188 7.09241261992971
16.75 8.0365416615838 9.13001289398409 7.07252485031054
16.765625 8.01507012459199 9.10682842819807 7.05269284780499
16.78125 7.99365595393015 9.0837028363107 7.03291645603701
16.796875 7.97229899633046 9.06063596881947 7.01319551906903
16.8125 7.95099909893459 9.0376276766015 6.99352988140075
16.828125 7.92975610929258 9.01467781091259 6.97391938796792
16.84375 7.90856987536181 8.99178622338627 6.95436388414108
16.859375 7.88744024550587 8.96895276603282 6.93486321572437
16.875 7.86636706849347 8.94617729123831 6.91541722895434
16.890625 7.84535019349739 8.92345965176366 6.89602577049866
16.90625 7.82438947009337 8.90079970074371 6.87668868745499
16.921875 7.80348474825904 8.87819729168621 6.85740582734973
16.9375 7.78263587837286 8.85565227847093 6.83817703813684
16.953125 7.76184271121303 8.83316451534867 6.81900216819662
16.96875 7.74110509795644 8.81073385694036 6.79988106633452
16.984375 7.7204228901776 8.78836015823611 6.78081358177996
17 7.69979593984755 8.76604327459424 6.76179956418516
17.015625 7.67922409933286 8.74378306174038 6.74283886362387
17.03125 7.65870722139451 8.72157937576653 6.72393133059032
17.046875 7.63824515918687 8.69943207313011 6.7050768159979
17.0625 7.61783776625666 8.67734101065306 6.6862751711781
17.078125 7.59748489654186 8.6553060455209 6.66752624787926
17.09375 7.57718640437071 8.63332703528181 6.64882989826545
17.109375 7.55694214446063 8.61140383784571 6.63018597491528
17.125 7.53675197191722 8.58953631148333 6.61159433082074
17.140625 7.51661574223317 8.5677243148253 6.59305481938604
17.15625 7.49653331128727 8.54596770686125 6.57456729442647
17.171875 7.47650453534338 8.52426634693889 6.55613161016723
17.1875 7.45652927104936 8.50262009476309 6.53774762124228
17.203125 7.43660737543608 8.48102881039498 6.5194151826932
17.21875 7.4167387059164 8.45949235425105 6.50113414996807
17.234375 7.3969231202841 8.43801058710224 6.48290437892026
17.25 7.37716047671293 8.41658337007305 6.46472572580738
17.265625 7.35745063375555 8.39521056464062 6.4465980472901
17.28125 7.33779345034254 8.37389203263389 6.42852120043102
17.296875 7.31818878578137 8.35262763623262 6.41049504269354
17.3125 7.29863649975539 8.33141723796657 6.39251943194077
17.328125 7.27913645232288 8.31026070071458 6.37459422643435
17.34375 7.25968850391597 8.28915788770371 6.35671928483341
17.359375 7.2402925153397 8.26810866250831 6.33889446619339
17.375 7.22094834777099 8.24711288904919 6.32111962996493
17.390625 7.20165586275766 8.22617043159268 6.30339463599282
17.40625 7.18241492221745 8.20528115474984 6.28571934451484
17.421875 7.16322538843701 8.18444492347548 6.26809361616069
17.4375 7.14408712407092 8.16366160306737 6.25051731195085
17.453125 7.12499999214072 8.14293105916533 6.23299029329553
17.46875 7.10596385603393 8.12225315775037 6.21551242199356
17.484375 7.08697857950302 8.10162776514382 6.19808356023129
17.5 7.06804402666454 8.08105474800649 6.18070357058153
17.515625 7.04916006199804 8.06053397333775 6.16337231600241
17.53125 7.03032655034515 8.04006530847475 6.14608965983639
17.546875 7.01154335690862 8.01964862109148 6.12885546580908
17.5625 6.99281034725135 7.99928377919798 6.11166959802825
17.578125 6.9741273872954 7.97897065113946 6.09453192098271
17.59375 6.95549434332107 7.95870910559544 6.07744229954125
17.609375 6.93691108196589 7.93849901157891 6.06040059895161
17.625 6.91837747022376 7.9183402384355 6.04340668483934
17.640625 6.89989337544388 7.8982326558426 6.02646042320683
17.65625 6.88145866532988 7.87817613380854 6.00956168043219
17.671875 6.86307320793886 7.85817054267177 5.99271032326823
17.6875 6.84473687168042 7.83821575309997 5.97590621884139
17.703125 6.82644952531575 7.81831163608926 5.95914923465068
17.71875 6.80821103795667 7.79845806296334 5.94243923856671
17.734375 6.7900212790647 7.77865490537266 5.92577609883052
17.75 6.77188011845011 7.75890203529362 5.90915968405269
17.765625 6.75378742627104 7.7391993250277 5.89258986321216
17.78125 6.73574307303248 7.71954664720065 5.87606650565531
17.796875 6.71774692958545 7.69994387476169 5.85958948109486
17.8125 6.69979886712599 7.68039088098264 5.84315865960889
17.828125 6.68189875719427 7.66088753945716 5.82677391163977
17.84375 6.66404647167369 7.64143372409989 5.81043510799317
17.859375 6.64624188278994 7.62202930914565 5.79414211983704
17.875 6.62848486311008 7.6026741691486 5.77789481870057
17.890625 6.61077528554162 7.58336817898149 5.76169307647322
17.90625 6.59311302333168 7.56411121383479 5.74553676540366
17.921875 6.57549795006599 7.54490314921591 5.72942575809879
17.9375 6.55792993966802 7.52574386094842 5.71335992752275
17.953125 6.54040886639811 7.50663322517117 5.69733914699586
17.96875 6.52293460485254 7.48757111833759 5.68136329019372
17.984375 6.50550702996262 7.46855741721479 5.6654322311461
18 6.48812601699382 7.44959199888286 5.64954584423603
18.015625 6.47079144154487 7.43067474073401 5.63370400419878
18.03125 6.45350317954685 7.41180552047178 5.61790658612086
18.046875 6.43626110726236 7.39298421611029 5.60215346543907
18.0625 6.41906510128455 7.37421070597342 5.58644451793949
18.078125 6.40191503853631 7.35548486869402 5.57077961975648
18.09375 6.38481079626934 7.33680658321316 5.55515864737177
18.109375 6.3677522520633 7.3181757287793 5.53958147761343
18.125 6.35073928382493 7.29959218494753 5.5240479876549
18.140625 6.33377176978717 7.28105583157882 5.50855805501407
18.15625 6.31684958850829 7.26256654883919 5.49311155755224
18.171875 6.299972618871 7.24412421719898 5.47770837347324
18.1875 6.28314074008164 7.22572871743206 5.4623483813224
18.203125 6.26635383166925 7.20737993061504 5.44703145998563
18.21875 6.24961177348474 7.18907773812654 5.43175748868845
18.234375 6.23291444570005 7.1708220216464 5.41652634699504
18.25 6.21626172880724 7.15261266315491 5.40133791480731
18.265625 6.19965350361768 7.13444954493206 5.38619207236392
18.28125 6.18308965126119 7.11633254955678 5.37108870023935
18.296875 6.16657005318515 7.09826155990618 5.35602767934298
18.3125 6.1500945911537 7.08023645915476 5.3410088909181
18.328125 6.13366314724689 7.0622571307737 5.32603221654102
18.34375 6.1172756038598 7.04432345853011 5.31109753812014
18.359375 6.10093184370172 7.02643532648623 5.29620473789497
18.375 6.08463174979532 7.00859261899872 5.28135369843525
18.390625 6.06837520547579 6.99079522071789 5.26654430263999
18.40625 6.05216209439004 6.97304301658699 5.25177643373658
18.421875 6.03599230049582 6.95533589184141 5.23704997527982
18.4375 6.01986570806094 6.937673732008 5.22236481115108
18.453125 6.00378220166238 6.92005642290428 5.20772082555729
18.46875 5.98774166618554 6.90248385063773 5.19311790303011
18.484375 5.97174398682335 6.88495590160503 5.17855592842496
18.5 5.95578904907549 6.86747246249136 5.16403478692015
18.515625 5.93987673874754 6.85003342026963 5.14955436401595
18.53125 5.92400694195019 6.8326386621998 5.13511454553371
18.546875 5.9081795450984 6.81528807582808 5.12071521761494
18.5625 5.89239443491062 6.79798154898626 5.1063562667204
18.578125 5.87665149840793 6.78071896979097 5.09203757962928
18.59375 5.86095062291329 6.76350022664294 5.07775904343819
18.609375 5.84529169605069 6.7463252082263 5.06352054556036
18.625 5.82967460574434 6.72919380350786 5.04932197372472
18.640625 5.81409924021793 6.71210590173636 5.03516321597503
18.65625 5.79856548799374 6.69506139244181 5.02104416066896
18.671875 5.78307323789193 6.67806016543471 5.00696469647726
18.6875 5.76762237902968 6.6611021108054 4.99292471238284
18.703125 5.75221280082043 6.64418711892331 4.97892409767992
18.71875 5.73684439297307 6.62731508043625 4.96496274197316
18.734375 5.72151704549115 6.61048588626975 4.95104053517675
18.75 5.70623064867214 6.59369942762629 4.93715736751359
18.765625 5.69098509310656 6.57695559598462 4.92331312951441
18.78125 5.67578026967728 6.5602542830991 4.90950771201689
18.796875 5.66061606955868 6.54359538099894 4.89574100616481
18.8125 5.6454923842159 6.52697878198754 4.88201290340721
18.828125 5.63040910540405 6.51040437864176 4.86832329549749
18.84375 5.61536612516747 6.49387206381127 4.8546720744926
18.859375 5.6003633358389 6.47738173061783 4.84105913275218
18.875 5.58540063003873 6.4609332724546 4.82748436293769
18.890625 5.57047790067428 6.44452658298545 4.81394765801157
18.90625 5.55559504093897 6.42816155614427 4.80044891123642
18.921875 5.54075194431157 6.41183808613432 4.78698801617414
18.9375 5.52594850455546 6.39555606742749 4.77356486668508
18.953125 5.51118461571786 6.37931539476365 4.76017935692723
18.96875 5.49646017212905 6.36311596314997 4.74683138135535
18.984375 5.48177506840166 6.34695766786024 4.73352083472018
19 5.46712919942987 6.33084040443416 4.72024761206758
19.015625 5.45252246038866 6.31476406867673 4.7070116087377
19.03125 5.43795474673311 6.29872855665753 4.69381272036419
19.046875 5.42342595419758 6.28273376471003 4.68065084287333
19.0625 5.40893597879504 6.26677958943098 4.66752587248325
19.078125 5.39448471681625 6.2508659276797 4.65443770570307
19.09375 5.38007206482907 6.23499267657742 4.64138623933214
19.109375 5.36569791967771 6.21915973350662 4.62837137045916
19.125 5.35136217848197 6.20336699611035 4.61539299646143
19.140625 5.33706473863654 6.18761436229159 4.60245101500401
19.15625 5.32280549781022 6.17190173021261 4.58954532403889
19.171875 5.30858435394522 6.15622899829422 4.57667582180424
19.1875 5.29440120525643 6.14059606521525 4.56384240682357
19.203125 5.28025595023069 6.12500282991176 4.55104497790495
19.21875 5.26614848762603 6.1094491915765 4.53828343414017
19.234375 5.25207871647099 6.09393504965816 4.52555767490402
19.25 5.23804653606388 6.0784603038608 4.51286759985342
19.265625 5.22405184597206 6.06302485414316 4.50021310892666
19.28125 5.2100945460312 6.04762860071801 4.48759410234264
19.296875 5.19617453634462 6.03227144405153 4.47501048060002
19.3125 5.18229171728249 6.01695328486265 4.46246214447651
19.328125 5.16844598948121 6.00167402412241 4.44994899502801
19.34375 5.15463725384262 5.98643356305332 4.43747093358788
19.359375 5.14086541153335 5.97123180312872 4.42502786176618
19.375 5.12713036398407 5.95606864607214 4.41261968144882
19.390625 5.1134320128888 5.9409439938567 4.40024629479685
19.40625 5.09977026020423 5.92585774870441 4.38790760424568
19.421875 5.08614500814897 5.91080981308559 4.37560351250428
19.4375 5.07255615920288 5.89580008971823 4.36333392255446
19.453125 5.0590036161064 5.88082848156734 4.35109873765004
19.46875 5.04548728185977 5.86589489184436 4.33889786131615
19.484375 5.03200705972243 5.85099922400648 4.32673119734845
19.5 5.01856285321227 5.83614138175608 4.31459864981235
19.515625 5.00515456610495 5.82132126904004 4.30250012304227
19.53125 4.99178210243322 5.8065387900492 4.2904355216409
19.546875 4.97844536648624 5.79179384921765 4.27840475047841
19.5625 4.96514426280888 5.77708635122218 4.26640771469175
19.578125 4.95187869620102 5.76241620098164 4.25444431968385
19.59375 4.93864857171692 5.74778330365633 4.24251447112291
19.609375 4.92545379466449 5.73318756464737 4.23061807494164
19.625 4.91229427060465 5.7186288895961 4.21875503733654
19.640625 4.89916990535061 5.70410718438349 4.20692526476712
19.65625 4.88608060496725 5.6896223551295 4.1951286639552
19.671875 4.8730262757704 5.67517430819249 4.18336514188415
19.6875 4.8600068243262 5.66076295016859 4.17163460579818
19.703125 4.84702215745043 5.64638818789116 4.15993696320159
19.71875 4.83407218220781 5.6320499284301 4.14827212185805
19.734375 4.82115680591137 5.61774807909133 4.13663998978985
19.75 4.80827593612179 5.60348254741612 4.12504047527723
19.765625 4.79542948064669 5.58925324118056 4.11347348685758
19.78125 4.78261734754005 5.57506006839491 4.1019389333248
19.796875 4.76983944510147 5.56090293730303 4.0904367237285
19.8125 4.75709568187554 5.54678175638178 4.07896676737335
19.828125 4.74438596665124 5.53269643434044 4.06752897381833
19.84375 4.73171020846121 5.51864688012011 4.05612325287603
19.859375 4.71906831658113 5.50463300289311 4.04474951461191
19.875 4.70646020052909 5.49065471206241 4.03340766934366
19.890625 4.6938857700649 5.47671191726104 4.0220976276404
19.90625 4.68134493518949 5.46280452835152 4.01081930032206
19.921875 4.66883760614424 5.44893245542523 3.99957259845861
19.9375 4.65636369341033 5.4350956088019 3.9883574333694
19.953125 4.64392310770811 5.42129389902896 3.97717371662245
19.96875 4.63151575999648 5.407527236881 3.96602136003376
19.984375 4.61914156147223 5.39379553335919 3.95490027566658
20 4.60680042356938 5.38009869969072 3.94381037583077
20.015625 4.59449225795862 5.36643664732817 3.93275157308207
20.03125 4.58221697654661 5.352809287949 3.92172378022141
20.046875 4.56997449147536 5.33921653345494 3.91072691029426
20.0625 4.55776471512164 5.32565829597144 3.8997608765899
20.078125 4.5455875600963 5.3121344878471 3.88882559264074
20.09375 4.53344293924369 5.2986450216531 3.8779209722217
20.109375 4.52133076564102 5.28518981018262 3.86704692934944
20.125 4.50925095259772 5.2717687664503 3.85620337828173
20.140625 4.49720341365483 5.25838180369167 3.8453902335168
20.15625 4.48518806258442 5.24502883536259 3.8346074097926
20.171875 4.47320481338889 5.23170977513867 3.82385482208618
20.1875 4.46125358030044 5.21842453691475 3.813132385613
20.203125 4.44933427778041 5.2051730348043 3.80244001582625
20.21875 4.43744682051867 5.19195518313892 3.79177762841622
20.234375 4.42559112343302 5.17877089646772 3.7811451393096
20.25 4.41376710166858 5.16562008955683 3.77054246466883
20.265625 4.40197467059718 5.15250267738879 3.75996952089143
20.28125 4.39021374581674 5.13941857516206 3.74942622460936
20.296875 4.37848424315071 5.12636769829042 3.73891249268835
20.3125 4.36678607864741 5.11334996240246 3.72842824222725
20.328125 4.35511916857946 5.10036528334101 3.71797339055736
20.34375 4.3434834294432 5.08741357716262 3.7075478552418
20.359375 4.33187877795805 5.07449476013699 3.69715155407484
20.375 4.32030513106593 5.06160874874644 3.68678440508129
20.390625 4.30876240593069 5.04875545968539 3.67644632651578
20.40625 4.29725051993748 5.03593480985978 3.66613723686221
20.421875 4.28576939069218 5.02314671638658 3.65585705483302
20.4375 4.2743189360208 5.01039109659321 3.64560569936862
20.453125 4.26289907396891 4.99766786801704 3.63538308963668
20.46875 4.25150972280104 4.98497694840484 3.62518914503157
20.484375 4.24015080100007 4.97231825571225 3.61502378517367
20.5 4.22882222726671 4.95969170810324 3.60488692990875
20.515625 4.21752392051884 4.94709722394961 3.59477849930733
20.53125 4.20625579989102 4.93453472183044 3.58469841366408
20.546875 4.19501778473382 4.92200412053155 3.57464659349715
20.5625 4.1838097946133 4.90950533904502 3.56462295954759
20.578125 4.17263174931041 4.89703829656863 3.55462743277868
20.59375 4.16148356882044 4.88460291250532 3.54465993437532
20.609375 4.15036517335242 4.87219910646274 3.53472038574344
20.625 4.13927648332856 4.85982679825265 3.52480870850934
20.640625 4.12821741938369 4.84748590789046 3.51492482451907
20.65625 4.11718790236466 4.83517635559467 3.50506865583786
20.671875 4.10618785332984 4.8228980617864 3.49524012474947
20.6875 4.09521719354846 4.81065094708883 3.48543915375557
20.703125 4.08427584450014 4.79843493232671 3.47566566557515
20.71875 4.07336372787426 4.78624993852585 3.46591958314391
20.734375 4.06248076556945 4.77409588691261 3.45620082961363
20.75 4.05162687969296 4.76197269891336 3.44650932835159
20.765625 4.04080199256021 4.74988029615404 3.43684500293996
20.78125 4.03000602669412 4.73781860045956 3.42720777717518
20.796875 4.01923890482465 4.72578753385339 3.41759757506737
20.8125 4.00850054988818 4.71378701855699 3.40801432083975
20.828125 3.99779088502698 4.70181697698933 3.39845793892801
20.84375 3.98710983358869 4.68987733176638 3.38892835397973
20.859375 3.97645731912572 4.67796800570063 3.3794254908538
20.875 3.96583326539473 4.66608892180057 3.36994927461979
20.890625 3.95523759635611 4.65424000327021 3.3604996305574
20.90625 3.94467023617337 4.64242117350855 3.35107648415585
20.921875 3.93413110921266 4.63063235610913 3.34167976111328
20.9375 3.92362014004219 4.61887347485952 3.33230938733619
20.953125 3.91313725343172 4.60714445374079 3.32296528893886
20.96875 3.90268237435199 4.59544521692707 3.31364739224271
20.984375 3.89225542797421 4.58377568878505 3.30435562377581
21 3.8818563396695 4.57213579387346 3.29508991027223
21.015625 3.87148503500837 4.56052545694262 3.28585017867148
21.03125 3.86114143976021 4.54894460293393 3.27663635611794
21.046875 3.85082547989271 4.53739315697938 3.26744836996028
21.0625 3.84053708157136 4.52587104440109 3.25828614775092
21.078125 3.83027617115892 4.51437819071082 3.24914961724539
21.09375 3.82004267521488 4.50291452160947 3.24003870640182
21.109375 3.80983652049497 4.49147996298662 3.23095334338035
21.125 3.79965763395058 4.48007444092005 3.22189345654256
21.140625 3.78950594272828 4.46869788167523 3.21285897445093
21.15625 3.77938137416928 4.45735021170491 3.20384982586823
21.171875 3.76928385580892 4.44603135764856 3.194865939757
21.1875 3.75921331537615 4.43474124633198 3.18590724527898
21.203125 3.749169680793 4.42347980476675 3.17697367179453
21.21875 3.73915288017408 4.41224696014981 3.16806514886211
21.234375 3.72916284182607 4.40104263986298 3.1591816062377
21.25 3.71919949424716 4.38986677147249 3.15032297387423
21.265625 3.70926276612661 4.37871928272847 3.14148918192107
21.28125 3.69935258634419 4.36760010156457 3.13268016072346
21.296875 3.68946888396968 4.3565091560974 3.12389584082195
21.3125 3.67961158826238 4.34544637462613 3.11513615295184
21.328125 3.66978062867058 4.334411685632 3.1064010280427
21.34375 3.65997593483106 4.32340501777787 3.09769039721775
21.359375 3.65019743656862 4.31242629990773 3.08900419179334
21.375 3.64044506389552 4.30147546104629 3.08034234327843
21.390625 3.63071874701102 4.29055243039846 3.07170478337404
21.40625 3.62101841630086 4.27965713734896 3.06309144397269
21.421875 3.6113440023368 4.2687895114618 3.0545022571579
21.4375 3.60169543587606 4.25794948247987 3.04593715520361
21.453125 3.59207264786087 4.24713698032446 3.03739607057368
21.46875 3.58247556941798 4.23635193509482 3.02887893592137
21.484375 3.57290413185812 4.22559427706769 3.02038568408874
21.5 3.56335826667558 4.21486393669689 3.01191624810621
21.515625 3.55383790554765 4.20416084461282 3.00347056119196
21.53125 3.54434298033415 4.19348493162204 2.99504855675146
21.546875 3.534873423077 4.18283612870683 2.98665016837688
21.5625 3.52542916599963 4.17221436702472 2.97827532984664
21.578125 3.5160101415066 4.16161957790805 2.96992397512484
21.59375 3.50661628218303 4.15105169286355 2.96159603836073
21.609375 3.49724752079417 4.14051064357187 2.95329145388824
21.625 3.48790379028492 4.12999636188714 2.94501015622542
21.640625 3.4785850237793 4.11950877983656 2.93675208007393
21.65625 3.46929115458003 4.10904782961991 2.92851716031856
21.671875 3.46002211616803 4.09861344360916 2.92030533202665
21.6875 3.45077784220191 4.08820555434801 2.91211653044765
21.703125 3.44155826651757 4.07782409455145 2.90395069101257
21.71875 3.43236332312765 4.06746899710533 2.89580774933346
21.734375 3.42319294622111 4.05714019506594 2.88768764120293
21.75 3.41404707016273 4.04683762165955 2.87959030259364
21.765625 3.40492562949265 4.036561210282 2.87151566965778
21.78125 3.3958285589259 4.02631089449826 2.86346367872658
21.796875 3.38675579335196 4.016086608042 2.8554342663098
21.8125 3.37770726783422 4.00588828481519 2.84742736909524
21.828125 3.36868291760961 3.99571585888761 2.83944292394821
21.84375 3.35968267808807 3.98556926449648 2.83148086791109
21.859375 3.3507064848521 3.97544843604602 2.82354113820277
21.875 3.34175427365632 3.96535330810701 2.81562367221821
21.890625 3.33282598042699 3.95528381541639 2.80772840752788
21.90625 3.32392154126156 3.94523989287681 2.79985528187735
21.921875 3.31504089242822 3.93522147555625 2.79200423318673
21.9375 3.30618397036542 3.92522849868756 2.78417519955023
21.953125 3.29735071168143 3.91526089766806 2.77636811923563
21.96875 3.2885410531539 3.90531860805912 2.76858293068383
21.984375 3.27975493172938 3.89540156558576 2.76081957250832
