0 2.14159265358979 0
0.01 2.14135174787308 -0.0420159400842229
0.03 2.13955072079064 -0.125772649643654
0.07 2.13069369004403 -0.292547634030666
0.142506009014573 2.09693973307259 -0.594548671362634
0.248367290593483 2.00698482039202 -1.04169551355522
0.383095649234895 1.82149209634166 -1.63055763097572
0.541344477108175 1.49934612960481 -2.33729782193561
0.719643863807434 1.0069370184972 -3.04986072036157
0.858067429113785 0.553259585437468 -3.40666625783115
0.972800541004831 0.154503700099256 -3.48972215422355
1.0839994777233 -0.227397109402481 -3.35779437806415
1.19178522350161 -0.571912246580913 -3.04861646084799
1.30019421518793 -0.875918481261501 -2.60368670797252
1.41513520400065 -1.13909378708346 -2.04517196077044
1.54229047897344 -1.35133805682294 -1.38567858959164
1.67942372015712 -1.48517973708799 -0.672687591362743
1.81729860082479 -1.52249208263358 0.0252557737492783
1.95334319188111 -1.46690503268139 0.690089023951787
2.09107437216389 -1.32074820610198 1.33112011223466
2.23428693142881 -1.07938625925739 1.93508101128149
2.38100208265056 -0.751861565381425 2.42585072602976
2.5104461906776 -0.416125143759985 2.68621073505114
2.62576513886331 -0.100680007187936 2.74176427947569
2.73667033015823 0.197883177467446 2.62747692974421
2.84423834745963 0.466245169925522 2.37410097434662
2.95149629478786 0.699586534067844 2.01170602918171
3.06206074419402 0.894097533395176 1.56079611705345
3.17878077724526 1.04166610182381 1.03794637863559
3.30099374101391 1.12895721805873 0.47197612356993
3.42395879491761 1.14703372719457 -0.0928695556117999
3.54543880631047 1.09809182803102 -0.62884888200195
3.66778856727105 0.98554883514707 -1.1280902040755
3.79306578955952 0.811387958279621 -1.57146216176539
3.91958989789012 0.586111816143228 -1.91564994555517
4.04326045006289 0.33313118062858 -2.11732410357509
4.16125426288427 0.0784614058225412 -2.16353133665115
4.27347643901418 -0.15980564011213 -2.07083787708942
4.38175464408467 -0.37244343600901 -1.86622723978576
4.48868427308036 -0.554902915295778 -1.57389085627876
4.59682357953306 -0.703272163735598 -1.21243939693393
4.70792919735995 -0.811970913516098 -0.798607258613656
4.82180408989468 -0.874034482359664 -0.354398170533059
4.93777214018889 -0.885003661797143 0.0973080307274175
5.05569043618788 -0.843531874654454 0.536210752537957
5.17282999126903 -0.753564258367982 0.932405094883704
5.29078072039462 -0.619936508772713 1.27008955165966
5.40862433573129 -0.452039784663218 1.524062349204
5.52434910598547 -0.264561500851077 1.67338485600284
5.63660041963373 -0.0730500982519422 1.71217498349256
5.74532495470557 0.110183370298713 1.64862091924964
5.85150101722273 0.276901379851335 1.49774069229924
5.95660926114964 0.421605040970385 1.27547829277542
6.06215746181084 0.539846169771647 0.996581271655996
6.1692231234431 0.627155959025353 0.675519541258991
6.28013207403893 0.679736034924829 0.321883009613802
6.39877643183985 0.691930563857422 -0.0593308437093443
6.52437909202975 0.656449386365157 -0.443578157442385
6.65177279473897 0.573994300010844 -0.789657626989767
6.77465105414816 0.457040726136796 -1.06037120382187
6.89322717241774 0.317803389202527 -1.24501449047837
7.00767107204251 0.16814652871822 -1.33968140601608
7.1182623606587 0.0185803302711416 -1.34782069228822
7.22573473802735 -0.122782879893981 -1.27856176036961
7.33115518795614 -0.250051249466426 -1.14354780485115
7.43568335002951 -0.358777786253415 -0.954834117415886
7.54032900338878 -0.445233259022568 -0.724358645486498
7.65005861646453 -0.507916540100425 -0.453370809782029
7.76958983207288 -0.54091138327419 -0.14274094265653
7.90139926958324 -0.533998070486932 0.195135013389549
8.04199021786355 -0.479515962957067 0.523011965542808
8.17422390538285 -0.39027899739932 0.777269550405751
8.29392814102373 -0.284909863941663 0.945864421880129
8.40905725221243 -0.168893805259952 1.04214649948453
8.52006384087893 -0.0507952479241992 1.06882533347801
8.62789475983442 0.0628452238749351 1.03246990020829
8.73351854259703 0.166924637252134 0.941434259158954
8.83904900400414 0.2583508877641 0.803057511275894
8.948172523033 0.334934696163449 0.620503301363332
9.06495453990893 0.392559598983016 0.394659725771232
9.19403573624828 0.423837758837228 0.127283734100983
9.33919759320462 0.417358839049455 -0.169947960839362
9.49694380891673 0.363787971962082 -0.457203733071077
9.64496111033194 0.277363995986049 -0.66644120875625
9.77876108581227 0.177905246538963 -0.788797904620354
9.90753756897927 0.0718303950423836 -0.837865574520372
10 -0.00560754521240098 -0.831158750931176
