0 0 1
0.01 0.0099998281294883 0.999948612512195
0.03 0.0299953700932792 0.999543095427099
0.07 0.0699414409053606 0.99752188869518
0.15 0.149425536069033 0.988653791980746
0.281572704449902 0.277791309950106 0.960269528762996
0.461137337291691 0.444677206721001 0.894795651201876
0.679234697249924 0.627411475039492 0.776818190717562
0.925530869841358 0.797290095409283 0.599801718406059
1.19131078853106 0.926004514497991 0.368816681158739
1.47009463165546 0.990711061772051 0.0994617840742118
1.75739110652448 0.977148666491417 -0.185334226662232
2.05021318360562 0.88092566038499 -0.459157500763648
2.34662325319642 0.707390035465206 -0.69576712717059
2.64538354025792 0.470491256064587 -0.872201988909444
2.94571081715927 0.190943930222527 -0.971198079990059
3.2471124423139 -0.106073119645225 -0.982857957856351
3.54927975403909 -0.39348149649474 -0.905540445836885
3.85201988401369 -0.644934404965316 -0.745960951008643
4.15521257478057 -0.837313147370115 -0.518527448766642
4.45878299775021 -0.952891369346804 -0.243983840331738
4.76268470688049 -0.98098883457388 0.0525161676111635
5.0668889733499 -0.918973576040663 0.343733840554494
5.37137812220342 -0.772523923570684 0.602861668844938
5.67614137303199 -0.55512538108087 0.806004397290209
5.98117224514396 -0.286845395496988 0.934398650955255
6.28646693932723 0.0075050529371718 0.976166316932849
6.59202332887672 0.300656967031346 0.927437525508995
6.89784033058871 0.565407199936624 0.792735618790638
7.20391751266843 0.777148024816734 0.584583811667459
7.51025485033437 0.916167214645704 0.322365149496992
7.81685257349162 0.969502791350737 0.0305371474820464
8.1237110717947 0.932176325128866 -0.263636426100706
8.43083083548137 0.80768528674238 -0.532627633744067
8.73821241850235 0.607703368702802 -0.75122390535129
9.0458564155474 0.351011606989235 -0.898903101494057
9.35376344773275 0.061755661802633 -0.961779361811837
9.66193415368677 -0.232811099449848 -0.933933530773039
9.97036918400022 -0.504889198593996 -0.817998453209845
10.2790691977735 -0.728759226608299 -0.624938770910043
10.5880348604707 -0.883224357422726 -0.37304061534818
10.8972668425887 -0.953636257644053 -0.0862016696299084
11.2067658188338 -0.933309056753725 0.208320677715837
11.5165324676143 -0.8241826231944 0.482492438414586
11.8265674707315 -0.636666783466951 0.710173356625005
12.1368715131925 -0.388675766275976 0.869620015410684
12.4474452831009 -0.103939710123546 0.945581084138956
12.5663706143592 0.00899520537756576 0.95104778486756
