1 1
2 4
3 9
4 16
5 25


1 1 3
1.08163265306122 1.24489795918367 3
1.16326530612245 1.48979591836735 3
1.24489795918367 1.73469387755102 3
1.3265306122449 1.97959183673469 3
1.40816326530612 2.22448979591837 3
1.48979591836735 2.46938775510204 3
1.57142857142857 2.71428571428571 3
1.6530612244898 2.95918367346939 3
1.73469387755102 3.20408163265306 3
1.81632653061224 3.44897959183673 3
1.89795918367347 3.69387755102041 3
1.97959183673469 3.93877551020408 3
2.06122448979592 4.24864639733445 4.12244897959184
2.14285714285714 4.59183673469388 4.28571428571429
2.22448979591837 4.94835485214494 4.44897959183673
2.30612244897959 5.31820074968763 4.61224489795918
2.38775510204082 5.70137442732195 4.77551020408163
2.46938775510204 6.0978758850479 4.93877551020408
2.55102040816327 6.50770512286547 5.10204081632653
2.63265306122449 6.93086214077468 5.26530612244898
2.71428571428571 7.36734693877551 5.42857142857143
2.79591836734694 7.81715951686797 5.59183673469388
2.87755102040816 8.28029987505206 5.75510204081633
2.95918367346939 8.75676801332778 5.91836734693878
3.04081632653061 9.24656393169513 6.08163265306122
3.12244897959184 9.7496876301541 6.24489795918367
3.20408163265306 10.2661391087047 6.40816326530612
3.28571428571429 10.7959183673469 6.57142857142857
3.36734693877551 11.3390254060808 6.73469387755102
3.44897959183673 11.8954602249063 6.89795918367347
3.53061224489796 12.4652228238234 7.06122448979592
3.61224489795918 13.0483132028322 7.22448979591837
3.69387755102041 13.6447313619325 7.38775510204082
3.77551020408163 14.2544773011245 7.55102040816327
3.85714285714286 14.8775510204082 7.71428571428571
3.93877551020408 15.5139525197834 7.87755102040816
4.02040816326531 16.1636817992503 8.04081632653061
4.10204081632653 16.8267388588088 8.20408163265306
4.18367346938776 17.503123698459 8.36734693877551
4.26530612244898 18.1928363182008 8.53061224489796
4.3469387755102 18.8958767180342 8.69387755102041
4.42857142857143 19.6122448979592 8.85714285714286
4.51020408163265 20.3419408579758 9.02040816326531
4.59183673469388 21.0849645980841 9.18367346938776
4.6734693877551 21.841316118284 9.3469387755102
4.75510204081633 22.6109954185756 9.51020408163265
4.83673469387755 23.3940024989588 9.6734693877551
4.91836734693878 24.1903373594336 9.83673469387755
5 25 10
