1 1
2 1
3 1
4 1
5 1


1 1 0
1.08163265306122 1 0
1.16326530612245 1 0
1.24489795918367 1 0
1.3265306122449 1 0
1.40816326530612 1 0
1.48979591836735 1 0
1.57142857142857 1 0
1.6530612244898 1 0
1.73469387755102 1 0
1.81632653061224 1 0
1.89795918367347 1 0
1.97959183673469 1 0
2.06122448979592 1 0
2.14285714285714 1 0
2.22448979591837 1 0
2.30612244897959 1 0
2.38775510204082 1 0
2.46938775510204 1 0
2.55102040816327 1 0
2.63265306122449 1 0
2.71428571428571 1 0
2.79591836734694 1 0
2.87755102040816 1 0
2.95918367346939 1 0
3.04081632653061 1 0
3.12244897959184 1 0
3.20408163265306 1 0
3.28571428571429 1 0
3.36734693877551 1 0
3.44897959183673 1 0
3.53061224489796 1 0
3.61224489795918 1 0
3.69387755102041 1 0
3.77551020408163 1 0
3.85714285714286 1 0
3.93877551020408 1 0
4.02040816326531 1 0
4.10204081632653 1 0
4.18367346938776 1 0
4.26530612244898 1 0
4.3469387755102 1 0
4.42857142857143 1 0
4.51020408163265 1 0
4.59183673469388 1 0
4.6734693877551 1 0
4.75510204081633 1 0
4.83673469387755 1 0
4.91836734693878 1 0
5 1 0
