1 1
2 2
3 3
4 4
5 5


1 1 1
1.08163265306122 1.08163265306122 1
1.16326530612245 1.16326530612245 1
1.24489795918367 1.24489795918367 1
1.3265306122449 1.3265306122449 1
1.40816326530612 1.40816326530612 1
1.48979591836735 1.48979591836735 1
1.57142857142857 1.57142857142857 1
1.6530612244898 1.6530612244898 1
1.73469387755102 1.73469387755102 1
1.81632653061224 1.81632653061224 1
1.89795918367347 1.89795918367347 1
1.97959183673469 1.97959183673469 1
2.06122448979592 2.06122448979592 1
2.14285714285714 2.14285714285714 1
2.22448979591837 2.22448979591837 1
2.30612244897959 2.30612244897959 1
2.38775510204082 2.38775510204082 1
2.46938775510204 2.46938775510204 1
2.55102040816327 2.55102040816327 1
2.63265306122449 2.63265306122449 1
2.71428571428571 2.71428571428571 1
2.79591836734694 2.79591836734694 1
2.87755102040816 2.87755102040816 1
2.95918367346939 2.95918367346939 1
3.04081632653061 3.04081632653061 1
3.12244897959184 3.12244897959184 1
3.20408163265306 3.20408163265306 1
3.28571428571429 3.28571428571429 1
3.36734693877551 3.36734693877551 1
3.44897959183673 3.44897959183673 1
3.53061224489796 3.53061224489796 1
3.61224489795918 3.61224489795918 1
3.69387755102041 3.69387755102041 1
3.77551020408163 3.77551020408163 1
3.85714285714286 3.85714285714286 1
3.93877551020408 3.93877551020408 1
4.02040816326531 4.02040816326531 1
4.10204081632653 4.10204081632653 1
4.18367346938776 4.18367346938776 1
4.26530612244898 4.26530612244898 1
4.3469387755102 4.3469387755102 1
4.42857142857143 4.42857142857143 1
4.51020408163265 4.51020408163265 1
4.59183673469388 4.59183673469388 1
4.6734693877551 4.6734693877551 1
4.75510204081633 4.75510204081633 1
4.83673469387755 4.83673469387755 1
4.91836734693878 4.91836734693878 1
5 5 1
