 0 0 0
 0.0695922423263562 0.0686891937756227 0.00484308019201028
 0.139184484652712 0.135572290449779 0.0193723207680411
 0.208776726979069 0.200649290022467 0.0435877217280925
 0.278368969305425 0.263920192493689 0.0774892830721645
 0.347961211631781 0.325384997863445 0.121077004800257
 0.417553453958137 0.385043706131733 0.17435088691237
 0.487145696284493 0.442896317298554 0.237310929408504
 0.556737938610849 0.498942831363908 0.309957132288658
 0.626330180937206 0.553183248327796 0.392289495552833
 0.695922423263562 0.605617568190216 0.484308019201028
 0.765514665589918 0.65624579095117 0.586012703233244
 0.835106907916274 0.704416333188244 0.69740354764948
 0.90469915024263 0.74833082465558 0.818480552449737
 0.974291392568986 0.787885012005592 0.949243717634015
 1.04388363489534 0.82307889523828 1.08969304320231
 1.1134758772217 0.853912474353643 1.23982852915463
 1.18306811954806 0.880385749351683 1.39965017549097
 1.25266036187441 0.902498720232398 1.56915798221133
 1.32225260420077 0.920251386995789 1.74835194931571
 1.39184484652712 0.933643749641856 1.93723207680411
 1.46143708885348 0.942675808170599 2.13579836467653
 1.53102933117984 0.947347562582018 2.34405081293298
 1.60062157350619 0.947659012876113 2.56198942157344
 1.67021381583255 0.943610159052883 2.78961419059792
 1.7398060581589 0.935201001112329 3.02692512000642
 1.80939830048526 0.922431539054452 3.27392220979895
 1.87899054281162 0.905301772879249 3.53060545997549
 1.94858278513797 0.883811702586723 3.79697487053606
 2.01817502746433 0.857961328176873 4.07303044148065
 2.08776726979069 0.827750649649699 4.35877217280925
 2.15735951211704 0.7931796670052 4.65420006452188
 2.2269517544434 0.754248380243377 4.95931411661853
 2.29654399676975 0.71095678936423 5.2741143290992
 2.36613623909611 0.663330957704656 5.59860070196388
 2.43572848142247 0.61296074881534 5.93277323521259
 2.50532072374882 0.560784442824558 6.27663192884532
 2.57491296607518 0.506802039732309 6.63017678286207
 2.64450520840153 0.451013539538592 6.99340779726285
 2.71409745072789 0.393418942243409 7.36632497204764
 2.78368969305425 0.334018247846759 7.74892830721645
 2.8532819353806 0.272811456348642 8.14121780276928
 2.92287417770696 0.209798567749058 8.54319345870613
 2.99246642003332 0.144979582048008 8.95485527502701
 3.06205866235967 0.0783544992454898 9.3762032517319
 3.13165090468603 0.00992331934150537 9.80723738882082
 3.20124314701238 -0.0589870291812356 10.2479576862938
 3.27083538933874 -0.12612813972703 10.6983641441507
 3.3404276316651 -0.191463153171357 11.1584567623917
 3.41001987399145 -0.254992069514217 11.6282355410167
 3.47961211631781 -0.31671488875561 12.1077004800257
 3.54920435864417 -0.376631610895537 12.5968515794187
 3.61879660097052 -0.434742235933996 13.0956888391958
 3.68838884329688 -0.491046763870988 13.6042122593569
 3.75798108562323 -0.545545194706514 14.122421839902
 3.82757332794959 -0.598237528440573 14.6503175808311
 3.89716557027595 -0.649123765073164 15.1878994821442
 3.9667578126023 -0.697786891213945 15.7351675438414
 4.03635005492866 -0.742324283269471 16.2921217659226
 4.10594229725501 -0.782501371207671 16.8587621483878
 4.17553453958137 -0.818318155028548 17.435088691237
 4.24512678190773 -0.849774634732101 18.0211013944703
 4.31471902423408 -0.87687081031833 18.6168002580875
 4.38431126656044 -0.899606681787234 19.2221852820888
 4.4539035088868 -0.917982249138815 19.8372564664741
 4.52349575121315 -0.931997512373071 20.4620138112434
 4.59308799353951 -0.941652471490003 21.0964573163968
 4.66268023586586 -0.946947126489611 21.7405869819341
 4.73227247819222 -0.947881477371895 22.3944028078555
 4.80186472051858 -0.944455524136854 23.0579047941609
 4.87145696284493 -0.93666926678449 23.7310929408504
 4.94104920517129 -0.924522705314801 24.4139672479238
 5.01064144749764 -0.908015839727788 25.1065277153813
 5.080233689824 -0.887148670023451 25.8087743432228
 5.14982593215036 -0.86192119620179 26.5207071314483
 5.21941817447671 -0.832333418262805 27.2423260800578
 5.28901041680307 -0.798385336206495 27.9736311890514
 5.35860265912943 -0.760076950032862 28.714622458429
 5.42819490145578 -0.717408259741904 29.4652998881906
 5.49778714378214 -0.670379265333622 30.2256634783362
