 0 0.545940867413739
 0.0886075949367089 0.732842151599586
 0.177215189873418 0.919743435785432
 0.265822784810127 1.10664471997128
 0.354430379746835 1.29354600415713
 0.443037974683544 1.48044728834297
 0.531645569620253 1.66734857252882
 0.620253164556962 1.85424985671467
 0.708860759493671 2.04115114090051
 0.79746835443038 2.22805242508636
 0.886075949367089 2.4149537092722
 0.974683544303797 2.60185499345805
 1.06329113924051 2.60396191087394
 1.15189873417722 2.53215108158185
 1.24050632911392 2.46034025228975
 1.32911392405063 2.38852942299766
 1.41772151898734 2.31671859370557
 1.50632911392405 2.24490776441348
 1.59493670886076 2.17309693512138
 1.68354430379747 2.10128610582929
 1.77215189873418 2.0294752765372
 1.86075949367089 1.9576644472451
 1.94936708860759 1.88585361795301
 2.0379746835443 1.89791734398104
 2.12658227848101 2.02181381043591
 2.21518987341772 2.14571027689078
 2.30379746835443 2.26960674334564
 2.39240506329114 2.39350320980051
 2.48101265822785 2.51739967625538
 2.56962025316456 2.64129614271025
 2.65822784810127 2.76519260916511
 2.74683544303797 2.88908907561998
 2.83544303797468 3.01298554207485
 2.92405063291139 3.13688200852971
 3.0126582278481 3.21387525685542
 3.10126582278481 3.00944919640615
 3.18987341772152 2.80502313595688
 3.27848101265823 2.60059707550761
 3.36708860759494 2.39617101505833
 3.45569620253165 2.19174495460906
 3.54430379746835 1.98731889415979
 3.63291139240506 1.78289283371052
 3.72151898734177 1.57846677326125
 3.81012658227848 1.37404071281198
 3.89873417721519 1.16961465236271
 3.9873417721519 0.965188591913437
 4.07594936708861 1.02937919312476
 4.16455696202532 1.13833923794617
 4.25316455696202 1.24729928276759
 4.34177215189873 1.35625932758901
 4.43037974683544 1.46521937241042
 4.51898734177215 1.57417941723184
 4.60759493670886 1.68313946205326
 4.69620253164557 1.79209950687467
 4.78481012658228 1.90105955169609
 4.87341772151899 2.01001959651751
 4.9620253164557 2.11897964133892
 5.05063291139241 2.19069693021255
 5.13924050632911 2.23448215212534
 5.22784810126582 2.27826737403813
 5.31645569620253 2.32205259595091
 5.40506329113924 2.3658378178637
 5.49367088607595 2.40962303977648
 5.58227848101266 2.45340826168927
 5.67088607594937 2.49719348360206
 5.75949367088608 2.54097870551484
 5.84810126582278 2.58476392742763
 5.93670886075949 2.62854914934042
 6.0253164556962 2.70883531303179
 6.11392405063291 2.88037383116964
 6.20253164556962 3.05191234930749
 6.29113924050633 3.22345086744534
 6.37974683544304 3.39498938558319
 6.46835443037975 3.56652790372104
 6.55696202531646 3.73806642185889
 6.64556962025316 3.90960493999674
 6.73417721518987 4.08114345813459
 6.82278481012658 4.25268197627244
 6.91139240506329 4.42422049441029
 7 4.59575901254814
