 0 0.12385765329183
 0.0886075949367089 0.302916281626303
 0.177215189873418 0.481974909960776
 0.265822784810127 0.661033538295249
 0.354430379746835 0.840092166629722
 0.443037974683544 1.01915079496419
 0.531645569620253 1.19820942329867
 0.620253164556962 1.37726805163314
 0.708860759493671 1.55632667996761
 0.79746835443038 1.73538530830209
 0.886075949367089 1.91444393663656
 0.974683544303797 2.09350256497103
 1.06329113924051 1.84010597057982
 1.15189873417722 1.46066410243569
 1.24050632911392 1.13598185218517
 1.32911392405063 0.866059219828256
 1.41772151898734 0.650896205364938
 1.50632911392405 0.490492808795221
 1.59493670886076 0.384849030119106
 1.68354430379747 0.333964869336592
 1.77215189873418 0.337840326447679
 1.86075949367089 0.396475401452368
 1.94936708860759 0.509870094350658
 2.0379746835443 0.66943613445103
 2.12658227848101 0.805513103922271
 2.21518987341772 0.902832965979459
 2.30379746835443 0.961395720622593
 2.39240506329114 0.981201367851674
 2.48101265822785 0.962249907666701
 2.56962025316456 0.904541340067674
 2.65822784810127 0.808075665054594
 2.74683544303797 0.672852882627461
 2.83544303797468 0.498872992786274
 2.92405063291139 0.286135995531033
 3.0126582278481 0.0356190426746463
 3.10126582278481 -0.193071605195509
 3.18987341772152 -0.364758482814751
 3.27848101265823 -0.479441590183079
 3.36708860759494 -0.537120927300495
 3.45569620253165 -0.537796494166997
 3.54430379746835 -0.481468290782587
 3.63291139240506 -0.368136317147264
 3.72151898734177 -0.197800573261027
 3.81012658227848 0.0295389408761223
 3.89873417721519 0.313882225264185
 3.9873417721519 0.655229279903161
 4.07594936708861 1.02431151389231
 4.16455696202532 1.37153492598315
 4.25316455696202 1.69608649976177
 4.34177215189873 1.99796623522818
 4.43037974683544 2.27717413238237
 4.51898734177215 2.53371019122434
 4.60759493670886 2.7675744117541
 4.69620253164557 2.97876679397164
 4.78481012658228 3.16728733787697
 4.87341772151899 3.33313604347008
 4.9620253164557 3.47631291075097
 5.05063291139241 3.59163350309826
 5.13924050632911 3.65544382842691
 5.22784810126582 3.66482764113738
 5.31645569620253 3.61978494122968
 5.40506329113924 3.52031572870381
 5.49367088607595 3.36642000355976
 5.58227848101266 3.15809776579754
 5.67088607594937 2.89534901541714
 5.75949367088608 2.57817375241858
 5.84810126582278 2.20657197680183
 5.93670886075949 1.78054368856692
 6.0253164556962 1.30683113258684
 6.11392405063291 0.901738032921185
 6.20253164556962 0.607403420026303
 6.29113924050633 0.423827293902203
 6.37974683544304 0.35100965454888
 6.46835443037975 0.388950501966337
 6.55696202531646 0.537649836154573
 6.64556962025316 0.797107657113587
 6.73417721518987 1.16732396484338
 6.82278481012658 1.64829875934395
 6.91139240506329 2.24003204061531
 7 2.94252380865744
