Test of yend is returned
y end =       1.02     0.0597 
0 10 5
0.01 9.63878024095169 5.35303717432655
0.0262472115301408 9.01075895444464 5.93277217880582
0.049183961096784 8.0637112146144 6.73637742062307
0.0812373096366893 6.70483980664965 7.74991728575712
0.114161375265915 5.3831479683271 8.55950830454345
0.140149706223928 4.45545909634235 8.99198331189214
0.161916630422186 3.77643026191725 9.20954525457701
0.181905935671946 3.23465350250441 9.3003643420284
0.201254689080996 2.78209583313976 9.29960301315085
0.219815558050809 2.40927231800185 9.22828987402987
0.237695846086429 2.10113955242795 9.10482426979404
0.255083726063447 1.84392639836753 8.94252636464084
0.272174500545899 1.62674041491471 8.7504647831825
0.289146043692175 1.44137150958002 8.53476930462074
0.306154650542375 1.28169192567021 8.29966614324372
0.323338205038306 1.14309375375413 8.04816751119701
0.340821360998116 1.02205853381721 7.78250418909665
0.358720817961659 0.915850244976681 7.504392303507
0.377559629182385 0.82038986076067 7.2087639742711
0.397876633319273 0.733124353168129 6.89022901497709
0.420184066992332 0.65278847007406 6.54448510196347
0.445042481332556 0.578774221770792 6.16782291370563
0.47312611589002 0.510830043320704 5.75689820446743
0.505296656467766 0.448914762160386 5.30870853770689
0.542701387145837 0.393133077639687 4.8207927455255
0.586915984486912 0.343722667612176 4.29174530885817
0.640161515732633 0.301087944534868 3.72223423654715
0.701541755982974 0.267659182943752 3.15175222756953
0.767221996813426 0.244545771792105 2.63308514764304
0.834767702999503 0.230201052781791 2.18590926385377
0.902882616127732 0.222700745127055 1.81053802077463
0.970972475346572 0.220510741852252 1.49925884604429
1.03882049134585 0.222573983414562 1.24233249962317
1.10639547284688 0.228214395207208 1.03048520777977
1.17374995996679 0.237029094103597 0.855700923225452
1.24364023255953 0.24933744518157 0.706144161853247
1.31864883409476 0.266039456364486 0.5752377049294
1.40110016618257 0.28860717341757 0.45993849810103
1.49351857474032 0.319367471156029 0.35885883048937
1.59903536957951 0.36210860952788 0.271406551798148
1.72190192392414 0.423334557739168 0.197348906884114
1.86829708728018 0.515035039948927 0.136561993922135
2.04778198432106 0.661474772541074 0.0888572718562917
2.24878184790023 0.882429014187637 0.0569575241138483
2.45100754089616 1.18513978222409 0.0383487874877019
2.64817111181316 1.58435267670885 0.0279109171406561
2.84221850625707 2.11151554172069 0.0223099544083148
3.03436318813494 2.80820938846544 0.020081061225533
3.22543933015109 3.72928901259008 0.0210931179566136
3.41614401321066 4.94661379941736 0.0271618583793395
3.60733207549097 6.55172495708137 0.0458792556059648
3.80077545810757 8.64426493493929 0.111804788256349
3.88482511730885 9.68754311381363 0.188333184171383
3.93933342456555 10.3826288114618 0.276925393114283
3.97825588741602 10.86957924018 0.373116848383459
4.00965732802743 11.2427334586482 0.48099022018054
4.03523978420001 11.5230407603899 0.596462476520673
4.05673375438108 11.7338484685028 0.718390576770881
4.07613725137478 11.8977781522331 0.852803420886408
4.0934649814697 12.0170657093599 0.996368747025335
4.11003854797323 12.1015872191922 1.15819128627181
4.12613030887618 12.1503727186001 1.34184978786137
4.14196130926137 12.1606022803717 1.55164722137754
4.15771408607173 12.1276275919874 1.79263295850609
4.17355872285929 12.0448727649856 2.07088562461988
4.18967514348883 11.903428833277 2.39392113090383
4.20627801353799 11.6912331190815 2.77132178446868
4.2236531874982 11.3915342887117 3.21578717892649
4.2422244905283 10.9798797937586 3.74508353931051
4.26270354939849 10.417413385907 4.38624802197537
4.28652314259116 9.63215030638702 5.1871726977049
4.31413031840782 8.58443090008663 6.14166681096869
4.34667211485952 7.25106299722403 7.20673386377943
4.38252621413833 5.8043173305219 8.17168975304282
4.41151362858274 4.74473643818297 8.72240811745348
4.43528031794207 3.98311550138014 9.00559905688695
4.45671389843527 3.38697907420433 9.13564564828158
4.4773094156159 2.89397156318197 9.15949616037721
4.49687801410775 2.49310082151638 9.10270696621973
4.51556460976638 2.16576016459301 8.98781628718895
4.53360926003862 1.89518396712383 8.83076389137795
4.55125204338872 1.66843765831432 8.64207904537418
4.56870478615718 1.47601013266136 8.428669938087
4.58614849007239 1.3109585353233 8.19517523903069
4.60373897591884 1.16816094794126 7.94483030047413
4.62161420183966 1.04376877749871 7.67999221530254
4.63990114102566 0.93482868728828 7.40245380035473
4.65904153811976 0.837529551411867 7.10871644574867
4.6796147069865 0.74889403335069 6.79302494588273
4.70215478798185 0.667452288085907 6.45090232904751
4.72723433516483 0.59249392061509 6.07857944131814
4.75553350654072 0.52371614001809 5.67272925913438
4.78791524029779 0.461053922611758 5.23042327502169
4.8255231471453 0.40460424051622 4.74931789164161
4.86992217084744 0.354608435920516 4.22815524407145
4.92331042748679 0.311485231326542 3.66775666551368
4.98494951265279 0.277619239553954 3.10538439153758
5.05094664656253 0.254247761035693 2.59377347099138
5.11882626174255 0.23984812529161 2.15270175483164
5.18727171743857 0.232479392606209 1.78258448769052
5.2556820189269 0.230585462064032 1.47580021724934
5.32384071614896 0.233093264418357 1.22269713955077
5.39172007298138 0.23931835804362 1.01408626009525
5.45937722766594 0.248856201570115 0.842031498536133
5.52986871909551 0.262127759862386 0.694318577674975
5.60572866197073 0.280128185351843 0.564865977999268
5.68928894618158 0.304471765114933 0.450853819701732
5.78312410884964 0.337715610445282 0.35099902721282
5.89046360292201 0.384044403005886 0.264756955248621
6.01572717378935 0.450693461283105 0.191912124483248
6.16538237212526 0.551122966700293 0.132340026169038
6.34950944184617 0.71290534587881 0.0858406485168406
6.55028236784146 0.951116436537671 0.0557044839006526
6.7487201223791 1.27046825869466 0.0383540987152856
6.9434908876386 1.69231663109203 0.0285474423684884
7.1360411853527 2.25001682989769 0.0234016459124673
7.32728999610701 2.98764595256802 0.0217208197688577
7.51790620027874 3.96328035270507 0.0237281365165417
7.70852981854081 5.2526791573812 0.0321693260287624
7.90012070971201 6.95055677702224 0.0582228323306958
8.05926916378349 8.70983951302761 0.125986524602628
8.14097851964588 9.71598441540816 0.209979145680867
8.19230878041306 10.3585885395505 0.301904553902554
8.23132708515794 10.8333216513241 0.406594901885925
8.26168886088895 11.1805413142725 0.518965137970615
8.28639688174925 11.4384248054529 0.63766146013161
8.30834752712154 11.6403794447062 0.769549573422358
8.32759522291853 11.7893182796874 0.910495341572329
8.34489810975165 11.8947006737886 1.06140462599814
8.361574447392 11.9649856424209 1.23226994220892
8.37787814752629 11.9982570659839 1.42707593441346
8.39400955503322 11.9907298768153 1.65045496371357
8.41014557297938 11.9367790850532 1.90792760678576
8.42646312813152 11.828677806991 2.20624179583073
8.4431624178284 11.6559876892556 2.55388070178197
8.46049729015024 11.4044053795889 2.9618801464421
8.47882597787848 11.0535681603936 3.44527022999117
8.49871512172767 10.5724788172289 4.02596097506857
8.52120535165726 9.90814112249405 4.73975660807079
8.54767296720269 8.98696518562547 5.62374292343317
8.57821308039382 7.80018667552286 6.63147979116941
8.61681624167226 6.25787275020984 7.74248234434326
8.65039797325035 5.01227259953382 8.45110272654632
8.67638589373031 4.16477892459764 8.8023690309843
8.69938601212803 3.51447907915147 8.9703678864948
8.72001354500241 3.01166862744131 9.01660027687187
8.73990967626444 2.59484740378829 8.97927990075859
8.7590317042169 2.25172882958192 8.87916804334037
8.77753140451606 1.9675305341118 8.73284724267751
8.79561335911503 1.72957033214418 8.55191909255673
8.81347878202842 1.5280393274975 8.34419212840381
8.83130886719127 1.35559323262066 8.11494508858958
8.84926386605397 1.20674835263619 7.86784226718824
8.86748751353037 1.07736589300385 7.60552350825483
8.88611273176639 0.964269630993149 7.32996918050733
8.90544224735481 0.864142102980696 7.04009197394757
8.92610653574633 0.773356616806695 6.72963374765967
8.94866171676299 0.690132463720811 6.39387005726128
8.97368527079384 0.613602351454147 6.02892913812879
9.00184952438273 0.543382047778795 5.631467110893
9.03399696897718 0.47936384267449 5.19858511636648
9.07123495200518 0.421622497355443 4.72797903546946
9.11506910718888 0.37038791341747 4.21839115062787
9.16760190158726 0.32607201736683 3.67052211535095
9.22893581305625 0.290689663027473 3.11289262336532
9.29499432845048 0.266059412688656 2.60172377829062
9.36312673887123 0.250811205794026 2.15946321456877
9.43190514469983 0.242969109823588 1.78785406686299
9.50067103148286 0.240903780093115 1.47976430011658
9.56918293666499 0.243480363449793 1.22565262076599
9.63740509662584 0.249972500690003 1.01630447446941
9.70539471368559 0.259950691681871 0.843724450248657
9.7761906712391 0.273845891579644 0.695694777008888
9.85235432048397 0.292700640710297 0.566039442305348
9.9362376161667 0.318209989584219 0.451892844565112
10.0304342364984 0.353061992124421 0.351947746478019
10.1381965282709 0.401660016795043 0.265645792923355
10.2639765494462 0.471626277329984 0.192763449174986
10.4142932262176 0.57716140643031 0.133172248210612
10.5989517998689 0.747022718177431 0.0867439911387669
10.7978518500263 0.993730065953689 0.0569406744196011
10.9929742918942 1.32061391318293 0.0398023246984764
11.185628691394 1.75312756341465 0.030035924832911
11.3768484685399 2.32559198726589 0.0249766534442463
11.5673006319848 3.08334356032765 0.0235696407176079
11.7575082075494 4.08606167588807 0.0262832877653341
11.9480564194078 5.41132915641471 0.0366010408282508
12.1399877420362 7.1545919923969 0.068683030862876
12.2856364352883 8.77807883596972 0.142093562442351
12.3613914512678 9.70131131585675 0.228620933815547
12.4102806106942 10.3014891124132 0.322491469126558
12.4480004761033 10.7487914946148 0.428870292005339
12.4777018771489 11.0780396247432 0.542971213892632
12.5020733504821 11.3231364986731 0.663511399304264
12.5238156015905 11.5144234892045 0.797210603211261
12.54296335393 11.6545832986571 0.940037474203219
12.5612128507951 11.7569441910298 1.10234437382536
12.5786181717475 11.8198317512797 1.28501866303055
12.5955320696543 11.842090647543 1.4925574489889
12.6122198812963 11.8200802414311 1.73014422292456
12.6289060754219 11.7478519649988 2.0039375153207
12.6458085399416 11.6169005648147 2.32148334104302
12.6631711776801 11.4154340978848 2.69234560897576
12.6813062608117 11.1268885104531 3.12915437794838
12.7006676783929 10.7269274618037 3.64954921507258
12.7220124826117 10.1766754549194 4.28038544341729
12.7468699548813 9.4035698377393 5.06943769824239
12.7755901500997 8.37237428512944 6.00512100421527
12.8094145014002 7.06075825931299 7.04289529649518
12.8463276271747 5.65346023500775 7.96533427930228
12.8778165762685 4.57186565738528 8.50621736738369
12.9025244233133 3.83337443273719 8.75857447555034
12.9247084734552 3.25995884988451 8.86234957026632
12.9460218676454 2.7870369346457 8.86425299986175
12.9663102669061 2.40261315378587 8.78973233305127
12.9857372266162 2.08848511043074 8.66036048360887
13.0045537907162 1.8285868460833 8.49116194587402
13.0230082303541 1.61060422796088 8.29199396000963
13.0413199949815 1.42549720477435 8.06930790102381
13.0596781283891 1.26666374809846 7.82743747985352
13.0782474257522 1.12922660976121 7.56941338372696
13.0971761203453 1.00951475262987 7.29745368061135
13.1166031226023 0.904706374459436 7.01325610135133
13.137173018604 0.810445786176666 6.71070069124677
13.1594758162843 0.724373686769573 6.38459183003577
13.1840914862502 0.645333006700977 6.03082476543607
13.2116712133205 0.572787475146114 5.64595076074691
13.2430127606565 0.506545816034281 5.22701986018054
13.2791493416266 0.446632872633201 4.77165990611644
13.3214705531259 0.393242495414386 4.27843538564371
13.371898997023 0.346749708416594 3.74761331225729
13.4322236865333 0.308265541120252 3.19051268569919
13.4980442916475 0.280879593513637 2.67112180834075
13.5663580845749 0.263593106794601 2.21802988350265
13.6355021734432 0.254374379307202 1.83602103564984
13.7046920189962 0.251442537400217 1.51900586305365
13.7736281483749 0.253529938367416 1.25757671832355
13.8422528135654 0.259816405951027 1.04233283314688
13.9106185293957 0.269811642448981 0.865023202473693
13.9813402159581 0.283822917231948 0.713897395178062
14.0571052935788 0.302868221497063 0.581915109666577
14.1403022210715 0.328631083551522 0.465815975235863
14.2335036260255 0.36378151246262 0.364101725281643
14.339887232186 0.412674639667981 0.276120853599942
14.4637608299102 0.482801298945738 0.201608431761195
14.6113859663636 0.588000914501169 0.140426379248178
14.7924641039851 0.756363617977238 0.0923922100623966
14.9882024120454 1.00063125687175 0.0611484602416257
15 1.01777477041777 0.0597296374261999
