Test of yend is returned
y end =       3.66     0.0726 
0 10 5
0.01 9.63748078852446 5.35337337178397
0.0258458179596692 9.02287164984998 5.91889360714177
0.0478221977177521 8.1145410897122 6.68814396904078
0.0779793118322441 6.83639532769101 7.64418919997344
0.109323178925026 5.57225024342316 8.43170451257244
0.134877138978177 4.64619889550727 8.88299849936351
0.156312694058521 3.96092315994962 9.12385335598852
0.175895864237294 3.41227420932176 9.23894717163881
0.194803616391784 2.95127087436546 9.26373561682373
0.212861035040599 2.56988677409887 9.21823042446786
0.230166762421991 2.25352729291913 9.12054992777777
0.246906187861636 1.98849690038695 8.98398213457425
0.263272302729548 1.76386839342492 8.81762940859765
0.279439307512703 1.5713787111512 8.62766109796308
0.295557922096557 1.40485611665059 8.41833264105916
0.311758388264836 1.25966239190547 8.1926733937464
0.328155526367178 1.13226027841149 7.95292138930256
0.344853813654394 1.01990292908322 7.70079261971817
0.361951900014 0.920417086833446 7.43764830771487
0.379915103600428 0.830357951033663 7.15887365874599
0.399217017836073 0.747549560229114 6.85970971110454
0.420302128285623 0.670901614775945 6.5364088735265
0.443648590166289 0.599884765437672 6.18578013297946
0.469820893819135 0.534276329987574 5.80496869609053
0.499526593854948 0.474034816564192 5.39140260414512
0.533688850661511 0.419242299512658 4.9429028074989
0.573548784992154 0.370088383462115 4.4580030824454
0.620817827667172 0.326888489543723 3.93658271905107
0.677257551109856 0.290479957489258 3.38685241603917
0.738918497706889 0.263709354918335 2.86885607878596
0.803069785775998 0.24587736986932 2.41085469051902
0.868149444701207 0.235286619977207 2.01923333553851
0.933378642332926 0.230370285880214 1.68978210171662
0.99842657593934 0.229964544915502 1.41457672994061
1.06319617033202 0.233281033478008 1.18521702685097
1.12770340543083 0.239817368414381 0.994073736860994
1.19210972172222 0.249293649357672 0.834415063663015
1.25934080275952 0.262188778308791 0.695638808674898
1.33160232191705 0.279421356031894 0.572840965438941
1.41094945596889 0.30243396950218 0.463700777871063
1.49965436967781 0.333470305278404 0.367150453230759
1.60055307976239 0.376140671545198 0.282743560053273
1.71749543637612 0.43657175721053 0.210328806651487
1.85605711968816 0.525910928928016 0.149864527662492
2.02480474669608 0.666359006583306 0.101298342560796
2.21429632683991 0.876499478821938 0.0674611686494712
2.4058313053479 1.16230969908496 0.0468045189684685
2.59257942665788 1.53484985601325 0.0347553152303555
2.77622090631289 2.02067707316641 0.027997927068305
2.95789327628754 2.65459017067308 0.0249878175165937
3.1384198717083 3.48197559180108 0.0254644354483392
3.31849359091734 4.56152483353636 0.0309084110301402
3.49890715964682 5.96698702051841 0.0474002954741911
3.68109066297401 7.77879571038944 0.0999177509905886
3.78460495590681 8.96881157549432 0.178915337052008
3.84597319912931 9.70311672759107 0.267430865573839
3.88831266907416 10.203004673691 0.361674182440497
3.92205294044015 10.5832055575895 0.466614401261887
3.94931932984099 10.8680863118952 0.578185609330558
3.97211489757285 11.0828404013767 0.695373064115802
3.9926502358963 11.2511682031158 0.824242072182733
4.01092161010511 11.3751993490643 0.961233203943602
4.02839917585907 11.4656252271458 1.1155485218882
4.04520819141769 11.5212351097954 1.28878157696556
4.06163484561565 11.540480186899 1.48486759988261
4.07790132174417 11.5198582932646 1.70832225626385
4.09420137630374 11.4539926741537 1.96448556798633
4.11072763533387 11.335389615928 2.25986356908229
4.12769846162432 11.1538206931506 2.6026417570814
4.14539332627603 10.8951147804204 3.00352199165461
4.16421313474004 10.538793854444 3.47723150942189
4.18480826828937 10.0529588305426 4.0456513751971
4.20842460980787 9.38081928802568 4.74588318354928
4.23570761908514 8.47997543125636 5.58232811488216
4.26709411476811 7.34517799246156 6.50967238715866
4.30452875213432 5.98023420236503 7.44877001433046
4.3401123748169 4.78965630797212 8.0843901591857
4.36648804361776 4.01607877443841 8.37540548597765
4.38979528549027 3.42117404192654 8.50682873421745
4.4107767129483 2.95677000100589 8.53339763860869
4.4310451003664 2.56886086638551 8.48662898819329
4.45056445542522 2.24679574503704 8.38453489458996
4.46948297902608 1.97780149817551 8.24136878303231
4.48799992195653 1.75083302604229 8.06713339220396
4.50631237218365 1.5572623717556 7.86861135470007
4.52459911109173 1.3905665601833 7.65042861893585
4.54301942850239 1.2458328409617 7.41582554095843
4.561717163874 1.11932591274859 7.16715729353682
4.5808260941433 1.00816165152264 6.90620607479861
4.60047530718389 0.91007419356953 6.63437466410124
4.62127856838698 0.821368628966364 6.34611545718641
4.64379505810317 0.74004070277493 6.03688754264823
4.66857279407601 0.665106900069706 5.70321378626213
4.69622188783541 0.596119369545239 5.34228948887192
4.72748098570503 0.532934348785775 4.95184435298666
4.76329330350817 0.475605006945278 4.53020976779957
4.8049070882952 0.424345123790867 4.07661155548344
4.85401849853441 0.379545372781147 3.59176463779001
4.91248216435752 0.342100255606995 3.08289950320893
4.97616482211899 0.31508006359915 2.60570069991115
5.04224719094116 0.297808878617379 2.18567762457401
5.10914711222551 0.288538585931726 1.82795653410427
5.17609995593622 0.285647342900933 1.52803065002573
5.2428022237044 0.287936478429713 1.27817890064424
5.30918703236773 0.294607502516954 1.07041568346273
5.37529951029022 0.30517105901131 0.897584784982354
5.44303785678337 0.31981060583392 0.75009178309672
5.51497750936146 0.339483764820441 0.620758110104239
5.59330829144615 0.365769936824821 0.50619765792414
5.68029145899031 0.401130860957512 0.4048128475773
5.77862486424121 0.449487407812181 0.315888216637202
5.89186211468489 0.51738667071057 0.239142051869474
6.02502879383522 0.61648296212074 0.174487077969923
6.18566211532344 0.76930114675279 0.12189438424577
6.36276811889531 0.990230884900041 0.084819762248701
6.54051395381328 1.28252052530949 0.0615821996134371
6.71837295975107 1.66680257370032 0.0473797454027333
6.89642292071196 2.17104658824128 0.039370514609552
7.07476720870642 2.83180739341657 0.0362453391042108
7.25359420306515 3.69661392566912 0.0382600680446014
7.43328400223843 4.82633066639429 0.0485301582254806
7.61469553822898 6.29442621138043 0.0789791610820238
7.76800669919396 7.81097524834107 0.151988172864748
7.85150218588809 8.71641186869855 0.23998620735326
7.90532301407503 9.30576842429944 0.33476804075414
7.94671615940563 9.74395223145387 0.441387878011619
7.97923644006344 10.0657419574035 0.554921513286904
8.00590001763235 10.3049877767855 0.674203528916577
8.02969393482418 10.4915167395272 0.806054255380784
8.05067241279139 10.6280954693493 0.946531517885705
8.07067492132823 10.7274547070379 1.10574375892795
8.08979103973554 10.7880352711742 1.28472533692334
8.1083984930148 10.8085076002426 1.4877524280317
8.12679046184443 10.7851656475899 1.71978643256582
8.14522410198692 10.7120126426123 1.98676418665387
8.16395900736186 10.5804191271462 2.29602547731523
8.18329771687965 10.3782434256937 2.65698903683951
8.20364437545178 10.0880265550879 3.08232596114822
8.22561684204087 9.68316153600603 3.59027163388192
8.25032302221124 9.11843103208515 4.21013699508384
8.27908200131281 8.33480147065535 4.96772731179456
8.31173083956909 7.332265187165 5.81609841870762
8.35108632911354 6.07302797102791 6.71584651705354
8.39004166139719 4.89538094674386 7.37614924791511
8.42071412286051 4.0725917936875 7.70435309532781
8.44794882795979 3.43771050945601 7.85288384512877
8.47216003660845 2.95100686996094 7.88180063389484
8.49543347645798 2.54922139832592 7.82963255609486
8.51772115741582 2.21995749784815 7.71804381983125
8.53923222585794 1.9481093150231 7.5637360435814
8.56023888483626 1.72088520797994 7.37798410211632
8.58100414663037 1.52854514010155 7.16813667172748
8.60176285630358 1.36390205262514 6.93903171898216
8.62272262342653 1.22165837769979 6.69396427183274
8.6440709706866 1.09786048542723 6.4352848265796
8.66598368410497 0.989504057014917 6.16475760694398
8.68869265309437 0.894032814731733 5.8830342835393
8.7129630605184 0.80781883331111 5.58409457003776
8.73946320865233 0.729109026719144 5.26378263842781
8.76888102841777 0.657083216745976 4.91909514818617
8.80201067998194 0.591427959676016 4.54788982127528
8.83983791619639 0.532141893317554 4.14887610918546
8.88364277237372 0.479462638705184 3.72186526943684
8.93513671094995 0.433875293401374 3.26832513401269
8.9960031068918 0.396511576161363 2.79695088314313
9.06196552587559 0.370422599725126 2.35831526233432
9.13017144011302 0.354868496364437 1.97454115728627
9.19905947063569 0.34805207016392 1.64919280458428
9.26790401398563 0.348328491575778 1.3773723547268
9.33644285750328 0.354502211408979 1.15155247522654
9.40464734837561 0.365802085766854 0.964174269955129
9.47321961625556 0.381959449392622 0.807285302822376
9.54516347250011 0.403897030706955 0.671047785328525
9.6228349876997 0.433294816196833 0.550866864645173
9.70851306280627 0.472803983326602 0.444551486512836
9.80479498662779 0.526620274751453 0.351084476075955
9.9149980979761 0.601655007932309 0.270035076895226
10.0437052829495 0.709977062307671 0.201259307878601
10.1976376967326 0.874308645268446 0.144746159593103
10.3646762625437 1.10508696809591 0.104572534696514
10.5355087844316 1.4122245051881 0.0784080298163996
10.7091023366339 1.81859344321865 0.0621537654360554
10.8847525890417 2.35412346351762 0.053291859952488
11.0620675851689 3.05786533596769 0.0508928210535928
11.2409869650383 3.98030363503898 0.0562695643137728
11.4219266641239 5.18470700910639 0.0759403494933109
11.6063351443717 6.73991077762676 0.134907828375021
11.7156596559328 7.80056242986186 0.219603440820415
11.783276738872 8.48185389902506 0.314397306681415
11.8309822793207 8.95408257870102 0.415799603537791
11.8693705374535 9.31373125750603 0.528797797478514
11.9006360212987 9.58165922969846 0.649198094769684
11.9283218195907 9.79029319321809 0.783497522335769
11.9525025911877 9.94241848703001 0.927138791530759
11.974284135516 10.048494119368 1.08178775511893
11.9953223855343 10.1164285761291 1.25782977407399
12.0159373982608 10.1435045054272 1.45943599860621
12.0364047636485 10.1249942839057 1.69160115515713
12.0569923354813 10.0539508661479 1.96045671691678
12.0779964453767 9.92060547676844 2.27375505211201
12.0997897468237 9.71114079659882 2.64167342183798
12.122904013684 9.40521809773538 3.07829145853663
12.1482113410755 8.970440551383 3.60474342608634
12.1774424347822 8.34692878504329 4.25780319571695
12.2106586396466 7.51214187171505 5.01745352421257
12.2486414676381 6.46441981910613 5.83320650564533
12.2913152097612 5.2862552940709 6.57738547766822
12.3316758201922 4.27050871007557 7.04533140803949
12.3631169739645 3.58133355293051 7.24036335358096
12.3913563897703 3.04778955067102 7.29535307791254
12.4184425574445 2.61088661648446 7.25406048655989
12.4441768171243 2.25849897807794 7.14359073117598
12.4688198628074 1.97223272180768 6.98535705324739
12.4927450444794 1.73626779240601 6.79339587839414
12.5163135961514 1.53877277415571 6.57645362492228
12.539843978532 1.37124072260159 6.34002454805705
12.563614175206 1.22756578223951 6.0876987197134
12.5878733193955 1.10330323553687 5.82195990496862
12.6128546698401 0.995151130967705 5.54464261220475
12.6388193170783 0.900499354645303 5.25684759270174
12.6666825078746 0.81559943211166 4.95249989417001
12.6972560911838 0.738687010171739 4.62765365769584
12.7313886830389 0.668991847356726 4.2797708722179
12.7700716649419 0.606302486117675 3.90748053415744
12.8145447008983 0.550783545417446 3.51067234605943
12.8664209019562 0.502934753385321 3.09090402151044
12.9278455705505 0.463660826084711 2.65216077049931
12.9952657402575 0.43628482622459 2.2376448886748
13.0653930159854 0.420658971781907 1.87265947963285
13.1363885691627 0.415049947008097 1.56277115229859
13.2073903536312 0.417716929165461 1.30408538085506
13.2780866267169 0.427369645472317 1.08956700677959
13.3484450071537 0.443189222958862 0.911936968886973
13.4201981222502 0.46532017986969 0.761651012251555
13.4962155482508 0.495224743882939 0.630698030160113
13.5789115166748 0.535383490285085 0.515286816353822
13.6707643816937 0.589716304557095 0.413606953258535
13.7747249163204 0.664539832292615 0.324830105094985
13.8946778687571 0.770529053491179 0.248628185065565
14.0361056182122 0.926926375659511 0.184938898968519
14.1920207504558 1.14657993741382 0.137408820797353
14.3555614265099 1.44268027081476 0.104856589504945
14.5246314873505 1.83781899332597 0.0839495396514781
14.6977496246095 2.36154567573934 0.0722962367125011
14.8740003503686 3.05239005060655 0.0690689100455294
15 3.66329308226728 0.0725593644520162
