-1 -0.367879441171442
-0.894736842105263 -0.401808508153078
-0.789473684210526 -0.423307050259938
-0.684210526315789 -0.428427536030303
-0.578947368421053 -0.414068540635324
-0.473684210526316 -0.378480346130369
-0.368421052631579 -0.32165912823225
-0.263157894736842 -0.245550378688046
-0.157894736842105 -0.154006966832334
-0.0526315789473685 -0.0524859868440798
0.0526315789473684 0.0524859868440797
0.157894736842105 0.154006966832334
0.263157894736842 0.245550378688046
0.368421052631579 0.32165912823225
0.473684210526316 0.378480346130369
0.578947368421053 0.414068540635324
0.684210526315789 0.428427536030303
0.789473684210526 0.423307050259938
0.894736842105263 0.401808508153078
1 0.367879441171442
