0 2.14159265358979 0
0.01 2.14137662222289 -0.0420214935466849
0.03 2.13967461117013 -0.12579362369496
0.07 2.13121169475398 -0.292579622367829
0.1442351922806 2.09771043048512 -0.601531284755573
0.254196990771581 2.00548834961972 -1.06489988272491
0.395342969354282 1.81088569757872 -1.6798550532093
0.562165790438978 1.46690776018822 -2.4213742432373
0.75234139000295 0.930015109166113 -3.16369365634859
0.890012999036884 0.468430724231704 -3.4860204847113
1.01471419437226 0.0281831097566763 -3.52451236447818
1.13428597059896 -0.38280424281057 -3.31242471449927
1.25104339731535 -0.746968096864249 -2.90611251044012
1.37142568325294 -1.06362215681455 -2.3517276178768
1.50366120188758 -1.32871361955935 -1.6692323251278
1.65006141061197 -1.51498533023961 -0.898573740733218
1.79987448982762 -1.59011751092596 -0.130952397733373
1.94815786786689 -1.55337778288508 0.601194125206456
2.0985673053351 -1.40739590177808 1.31349926190171
2.25643623468025 -1.14294004689125 2.0016452209976
2.4210643989784 -0.761842714221419 2.57446851725376
2.55534571564361 -0.394695433665876 2.84654641917796
2.67761181476924 -0.0417101431703238 2.88729694981468
2.79566894040793 0.291508714733273 2.72712538581024
2.91106738982343 0.588605681402878 2.40410711943156
3.02792056798116 0.84358481117894 1.95427136215504
3.15102742087846 1.04980539531418 1.40091382904041
3.28269962759087 1.19184210240074 0.770399125569185
3.41825312099154 1.25065046989795 0.116965213387331
3.5525456732719 1.22262425675766 -0.511941615745986
3.68742489989672 1.11181468307908 -1.10566972487083
3.82674060712637 0.917698774954946 -1.64939324727609
3.96944784408013 0.648391925595178 -2.08485575296206
4.10093782587394 0.355799399483461 -2.32629773016989
4.22774752217922 0.0552414479241056 -2.37785360977326
4.34852909280133 -0.226055303013458 -2.25303773158221
4.46531783114172 -0.474637108100842 -1.98758362033634
4.5815770228754 -0.684375338234534 -1.61410761437599
4.70077504523841 -0.849383221217072 -1.15668755368245
4.82464481559827 -0.960042793297008 -0.639501239231478
4.95100130157918 -1.00580755857342 -0.0999801835235486
5.07659794887061 -0.98431793429643 0.423348852792009
5.20266436451508 -0.898681302836999 0.91303625781645
5.33169038650961 -0.75091617112416 1.35082505272103
5.46280727857552 -0.549058542470696 1.69713569625701
5.5922899804706 -0.313554495712856 1.90783527773355
5.71708843278026 -0.0701213823376576 1.96398775926016
5.83669396522418 0.160911068275238 1.87668544894176
5.9526437539593 0.367438234639372 1.67114391327564
6.06738753302512 0.542462636585226 1.37276545989221
6.18333934851509 0.680195971346511 1.0030869398619
6.30187859882354 0.773849666305623 0.583298143299501
6.42313051241753 0.816842229999202 0.137291619476411
6.54959832483427 0.804256556381174 -0.320038043048868
6.67878025087945 0.733596151006299 -0.753362364441857
6.8072127391046 0.611515470192406 -1.1240039981094
6.93513961321673 0.447981379931184 -1.40656023984876
7.06068305332669 0.259119189352253 -1.57596664782666
7.18231464280197 0.0631505885067095 -1.62308227121505
7.29993477817908 -0.124881155843353 -1.55600686146647
7.41465374656453 -0.294674556946412 -1.39198147888583
7.52815520296769 -0.43928455187751 -1.15000399366809
7.6420828146956 -0.553139161554352 -0.848122519804236
7.75741518499592 -0.630895727616284 -0.504715261040015
7.88020676280595 -0.668765404370414 -0.121422635907267
8.01267303730267 -0.656903108196386 0.285687015372051
8.15104646410492 -0.589066590315386 0.674591775117293
8.2875062278224 -0.473717798874498 0.992723586036925
8.41852789134303 -0.327741696237049 1.21193246217017
8.54432782048874 -0.16679632078188 1.32492443186192
8.66519763098957 -0.00493899579891721 1.33495837241513
8.78207143901633 0.147136131550845 1.25373996332805
8.89633437982837 0.281910373283869 1.09656260438775
9.00945700815352 0.393878714059649 0.87914143476459
9.12369539541617 0.479154371967754 0.614358840394373
9.24547337169272 0.534691671203302 0.302636903805737
9.37964427227338 0.550918262594869 -0.0505763516567412
9.52634141483064 0.515376885835711 -0.417290364710523
9.6773965791291 0.426315996583054 -0.739737382108831
9.81134726092577 0.311569215766095 -0.953108923590524
9.9387815819527 0.181100610919666 -1.07553315820726
10 0.114257896170162 -1.10362071357098
