0 0 0
0.0625 0.058636426093193 0.0587133164258422
0.125 0.110081346874135 0.110312112823074
0.1875 0.155012778756501 0.155442959658825
0.25 0.194033119036615 0.194700195767851
0.3125 0.227686111295268 0.228629884045826
0.375 0.256578764404459 0.257733479546615
0.4375 0.280985715228428 0.282471230312203
0.5 0.301601706593619 0.303265329856317
0.5625 0.318553228704097 0.320502838911144
0.625 0.332323215274337 0.334538392824369
0.6875 0.34333770360318 0.345696709855022
0.75 0.351638246152294 0.354274914555761
0.8125 0.357624455501028 0.360544689440877
0.875 0.361793496172547 0.364754267218695
0.9375 0.364013037332243 0.367130275009499
1 0.364509701757068 0.367879441171442
1.0625 0.363643697536378 0.367190174613035
1.125 0.361706282621945 0.365234025778143
1.1875 0.358580972115395 0.362167037844383
1.25 0.354420622106731 0.358130996075238
1.3125 0.349366757461997 0.353254582707054
1.375 0.343772535119559 0.347654444231526
1.4375 0.337631040282289 0.341436177449721
1.5 0.330917088166597 0.334695240222645
1.5625 0.323723147871082 0.32751779242359
1.625 0.316134953253965 0.319981472206815
1.6875 0.308293164163998 0.312156112343576
1.75 0.300360222948171 0.304104401038279
1.8125 0.292236986824891 0.2958824913228
1.875 0.28397481042859 0.287540562834241
1.9375 0.275620737750096 0.279123339509066
2 0.267218177115924 0.270670566473225
2.0625 0.258807635428566 0.262217449172323
2.125 0.250471040991906 0.253795057566779
2.1875 0.242215456861339 0.245430698013252
2.25 0.234045174236702 0.237148255264195
2.3125 0.225979745071909 0.228968506841348
2.375 0.218036776395499 0.220909411875326
2.4375 0.210232232681582 0.212986376351337
2.5 0.202580787736089 0.205212496559747
2.5625 0.195097579819775 0.197598782418812
2.625 0.187746264796433 0.19015436221491
2.6875 0.180536441269982 0.182886670192215
2.75 0.173536708534323 0.175801618318446
2.8125 0.166746363373535 0.168903753455554
2.875 0.160164865003015 0.16219640107336
2.9375 0.153791725543458 0.155681796559858
3 0.147626522366603 0.149361205103592
3.0625 0.141668993224774 0.143235031050874
3.125 0.135919183586955 0.137302917573148
3.1875 0.13037762247938 0.13156383741723
3.25 0.12496438596895 0.126016175453097
3.3125 0.119523957718582 0.120657803680019
3.375 0.114331491781818 0.115486149301873
3.4375 0.10937104854838 0.110498256436136
3.5 0.104629829044157 0.105690841978115
3.5625 0.100097025331016 0.101060346102103
3.625 0.0957631288511914 0.0966029778442886
3.6875 0.0916195174403637 0.092314756177978
3.75 0.0876582167498369 0.0881915469600341
3.8125 0.0838717720495133 0.0842290960980506
3.875 0.0802531892469604 0.0804230592605865
3.9375 0.0767959176547564 0.0767690284276046
4 0.0734938556423284 0.0732625555549367
4.0625 0.0701721856322744 0.0698991736050213
4.125 0.0667817963082613 0.0666744151761842
4.1875 0.0635718760906611 0.0635838289442589
4.25 0.0605324430251682 0.0606229941132468
4.3125 0.0576542064918511 0.0577875330559198
4.375 0.054928377927271 0.0550731223106487
4.4375 0.052346488685794 0.0524755020872412
4.5 0.0499002211982512 0.0499904844220904
4.5625 0.0475870160553682 0.0476139601114087
4.625 0.0454176537001348 0.045341904540676
4.6875 0.0433686845425091 0.0431703825186007
4.75 0.041420736955525 0.041095552214823
4.8125 0.039556117816634 0.0391136682922188
4.875 0.0377578724896684 0.0372210843169423
4.9375 0.0358121910393177 0.0354142545222305
5 0.0339596334964314 0.0336897349954273
5.0625 0.0322110518072638 0.0320441843516466
5.125 0.0305575102961816 0.0304743639519195
5.1875 0.028990193871886 0.0289771377185526
5.25 0.027500068912553 0.0275494715957023
5.3125 0.0260774319398256 0.0261884326988331
5.375 0.0247272619151024 0.0248911881927412
5.4375 0.0234749033779132 0.0236550039341539
5.5 0.0223007714805414 0.0224772429115524
5.5625 0.0211951659617974 0.0213553635117705
5.625 0.0201473474174314 0.0202869176400885
5.6875 0.0191453707998798 0.0192695487179349
5.75 0.018175926238959 0.0183009895799306
5.8125 0.0172241914008896 0.0173790602898197
5.875 0.0162736963277105 0.0165016658928374
5.9375 0.0153432211102378 0.0156667941202333
6 0.0144636959016491 0.0148725130599982
6.0625 0.0136329744483028 0.0141169688063161
6.125 0.0128488678533493 0.0133983830988702
6.1875 0.0121090258739258 0.0127150509618585
6.25 0.011410925443467 0.0120653383514232
6.3125 0.010751841371801 0.0114476798191373
6.375 0.010128805737741 0.0108605761982414
6.4375 0.00953856120152095 0.0103025923184494
6.5 0.00897751240159154 0.00977235475435422
6.5625 0.00848725857140475 0.00926854961175204
6.625 0.00802546286026257 0.00878992035555382
6.6875 0.0075646218171432 0.00833526568237183
6.75 0.00709408282222732 0.00790343744034043
6.8125 0.00660183286496322 0.00749333859825698
6.875 0.00610219560838062 0.0071039212657025
6.9375 0.00566588565847286 0.00673418476541937
7 0.00524284272528114 0.00638317375888161
7.0625 0.00483177762283769 0.0060499764256882
7.125 0.00443084741608764 0.00573372269713787
7.1875 0.00403767996690593 0.0054335825441032
7.25 0.00364935036136192 0.00514876431910848
7.3125 0.0032623144437792 0.00487851315232808
7.375 0.00287229604280758 0.00462210940105737
7.4375 0.0024741151623276 0.0043788671520648
7.5 0.00206768629132103 0.00414813277610875
7.5625 0.00163328023348997 0.00392928353379597
7.625 0.001154040747072 0.00372172623186604
7.6875 0.000609869497114685 0.00352489592890947
7.75 0.000349806377824174 0.00333825468946158
7.8125 0.000213557703338299 0.00316129038536144
7.875 8.18728995652575E-05 0.00299351554322203
7.9375 -5.15051946003882E-05 0.00283446623682397


