Part A:
Genereate symmetric random 6x6 matrix A
A=
      98.6       97.2       72.9       48.9       5.85        100 
      97.2       57.4       64.9       73.5       6.17       29.7 
      72.9       64.9       37.5        2.9       50.1       71.7 
      48.9       73.5        2.9       4.59       77.3       35.9 
      5.85       6.17       50.1       77.3       90.9       45.7 
       100       29.7       71.7       35.9       45.7       14.5 
A.T = 
      98.6       97.2       72.9       48.9       5.85        100 
      97.2       57.4       64.9       73.5       6.17       29.7 
      72.9       64.9       37.5        2.9       50.1       71.7 
      48.9       73.5        2.9       4.59       77.3       35.9 
      5.85       6.17       50.1       77.3       90.9       45.7 
       100       29.7       71.7       35.9       45.7       14.5 
* Perform eigenvalue-decomposition with jacobi algoritme
D=
     -96.1  -7.91e-09   1.53e-14   5.11e-16  -2.12e-22   7.47e-07 
 -7.91e-09      -67.2   3.36e-14   8.42e-22  -2.77e-07   9.39e-09 
     2e-14   2.18e-14      -5.14  -5.29e-23  -8.71e-11   5.52e-12 
 -2.37e-15  -3.55e-15   6.79e-15       36.6   6.22e-12  -2.14e-13 
  7.02e-15  -2.77e-07  -8.71e-11   6.22e-12        111   1.21e-14 
  7.47e-07   9.39e-09   5.54e-12  -2.28e-13   3.66e-14        324 
V=
    0.0879      0.555     -0.452    -0.0837     -0.392      0.566 
    -0.467    -0.0833      0.463      0.556     -0.245      0.437 
     0.448    -0.0264      0.644     -0.478   -0.00661      0.395 
      0.62     -0.324     -0.228      0.541      0.268      0.305 
    -0.283      0.346    0.00744    -0.0472      0.845      0.289 
    -0.329     -0.678     -0.339     -0.401     0.0127      0.395 
* Performance test

V^T*A*V=D ? => True

V*D*V^T=A ? => True

V^T*V = 
         1  -3.89e-16   1.39e-17   1.39e-16   1.99e-17   1.67e-16 
 -3.89e-16          1   8.33e-17          0   5.55e-17          0 
  1.39e-17   8.33e-17          1   1.67e-16  -1.46e-16   1.67e-16 
  1.39e-16          0   1.67e-16          1  -6.42e-17   3.05e-16 
  1.99e-17   5.55e-17  -1.46e-16  -6.42e-17          1  -1.67e-16 
  1.67e-16          0   1.67e-16   3.05e-16  -1.67e-16          1 
Correspond to the identity matrix

V*V^T =
         1   4.72e-16   2.78e-16  -5.55e-17   2.78e-17   5.55e-17 
  4.72e-16          1   8.33e-17   6.11e-16  -1.94e-16  -2.78e-16 
  2.78e-16   8.33e-17          1   1.39e-17   4.16e-17   4.44e-16 
 -5.55e-17   6.11e-16   1.39e-17          1   4.16e-17   1.39e-16 
  2.78e-17  -1.94e-16   4.16e-17   4.16e-17          1  -6.94e-17 
  5.55e-17  -2.78e-16   4.44e-16   1.39e-16  -6.94e-17          1 
Correspond to the identity matrix
