
Part B
Hamiltonian and jacobi routine with rmax = 10 and dr=0.3
H = 
      7.78      -5.56          0          0          0          0          0          0          0          0          0          0          0          0          0          0          0          0          0          0          0          0          0          0          0          0          0          0          0          0          0          0 
     -5.56       9.44      -5.56          0          0          0          0          0          0          0          0          0          0          0          0          0          0          0          0          0          0          0          0          0          0          0          0          0          0          0          0          0 
         0      -5.56         10      -5.56          0          0          0          0          0          0          0          0          0          0          0          0          0          0          0          0          0          0          0          0          0          0          0          0          0          0          0          0 
         0          0      -5.56       10.3      -5.56          0          0          0          0          0          0          0          0          0          0          0          0          0          0          0          0          0          0          0          0          0          0          0          0          0          0          0 
         0          0          0      -5.56       10.4      -5.56          0          0          0          0          0          0          0          0          0          0          0          0          0          0          0          0          0          0          0          0          0          0          0          0          0          0 
         0          0          0          0      -5.56       10.6      -5.56          0          0          0          0          0          0          0          0          0          0          0          0          0          0          0          0          0          0          0          0          0          0          0          0          0 
         0          0          0          0          0      -5.56       10.6      -5.56          0          0          0          0          0          0          0          0          0          0          0          0          0          0          0          0          0          0          0          0          0          0          0          0 
         0          0          0          0          0          0      -5.56       10.7      -5.56          0          0          0          0          0          0          0          0          0          0          0          0          0          0          0          0          0          0          0          0          0          0          0 
         0          0          0          0          0          0          0      -5.56       10.7      -5.56          0          0          0          0          0          0          0          0          0          0          0          0          0          0          0          0          0          0          0          0          0          0 
         0          0          0          0          0          0          0          0      -5.56       10.8      -5.56          0          0          0          0          0          0          0          0          0          0          0          0          0          0          0          0          0          0          0          0          0 
         0          0          0          0          0          0          0          0          0      -5.56       10.8      -5.56          0          0          0          0          0          0          0          0          0          0          0          0          0          0          0          0          0          0          0          0 
         0          0          0          0          0          0          0          0          0          0      -5.56       10.8      -5.56          0          0          0          0          0          0          0          0          0          0          0          0          0          0          0          0          0          0          0 
         0          0          0          0          0          0          0          0          0          0          0      -5.56       10.9      -5.56          0          0          0          0          0          0          0          0          0          0          0          0          0          0          0          0          0          0 
         0          0          0          0          0          0          0          0          0          0          0          0      -5.56       10.9      -5.56          0          0          0          0          0          0          0          0          0          0          0          0          0          0          0          0          0 
         0          0          0          0          0          0          0          0          0          0          0          0          0      -5.56       10.9      -5.56          0          0          0          0          0          0          0          0          0          0          0          0          0          0          0          0 
         0          0          0          0          0          0          0          0          0          0          0          0          0          0      -5.56       10.9      -5.56          0          0          0          0          0          0          0          0          0          0          0          0          0          0          0 
         0          0          0          0          0          0          0          0          0          0          0          0          0          0          0      -5.56       10.9      -5.56          0          0          0          0          0          0          0          0          0          0          0          0          0          0 
         0          0          0          0          0          0          0          0          0          0          0          0          0          0          0          0      -5.56       10.9      -5.56          0          0          0          0          0          0          0          0          0          0          0          0          0 
         0          0          0          0          0          0          0          0          0          0          0          0          0          0          0          0          0      -5.56       10.9      -5.56          0          0          0          0          0          0          0          0          0          0          0          0 
         0          0          0          0          0          0          0          0          0          0          0          0          0          0          0          0          0          0      -5.56       10.9      -5.56          0          0          0          0          0          0          0          0          0          0          0 
         0          0          0          0          0          0          0          0          0          0          0          0          0          0          0          0          0          0          0      -5.56         11      -5.56          0          0          0          0          0          0          0          0          0          0 
         0          0          0          0          0          0          0          0          0          0          0          0          0          0          0          0          0          0          0          0      -5.56         11      -5.56          0          0          0          0          0          0          0          0          0 
         0          0          0          0          0          0          0          0          0          0          0          0          0          0          0          0          0          0          0          0          0      -5.56         11      -5.56          0          0          0          0          0          0          0          0 
         0          0          0          0          0          0          0          0          0          0          0          0          0          0          0          0          0          0          0          0          0          0      -5.56         11      -5.56          0          0          0          0          0          0          0 
         0          0          0          0          0          0          0          0          0          0          0          0          0          0          0          0          0          0          0          0          0          0          0      -5.56         11      -5.56          0          0          0          0          0          0 
         0          0          0          0          0          0          0          0          0          0          0          0          0          0          0          0          0          0          0          0          0          0          0          0      -5.56         11      -5.56          0          0          0          0          0 
         0          0          0          0          0          0          0          0          0          0          0          0          0          0          0          0          0          0          0          0          0          0          0          0          0      -5.56         11      -5.56          0          0          0          0 
         0          0          0          0          0          0          0          0          0          0          0          0          0          0          0          0          0          0          0          0          0          0          0          0          0          0      -5.56         11      -5.56          0          0          0 
         0          0          0          0          0          0          0          0          0          0          0          0          0          0          0          0          0          0          0          0          0          0          0          0          0          0          0      -5.56         11      -5.56          0          0 
         0          0          0          0          0          0          0          0          0          0          0          0          0          0          0          0          0          0          0          0          0          0          0          0          0          0          0          0      -5.56         11      -5.56          0 
         0          0          0          0          0          0          0          0          0          0          0          0          0          0          0          0          0          0          0          0          0          0          0          0          0          0          0          0          0      -5.56         11      -5.56 
         0          0          0          0          0          0          0          0          0          0          0          0          0          0          0          0          0          0          0          0          0          0          0          0          0          0          0          0          0          0      -5.56         11 
D=
    -0.489    8.4e-10   4.07e-10    2.7e-11   5.85e-14  -2.92e-15   3.99e-16   2.83e-11   8.73e-11   -7.3e-11  -1.79e-11  -6.67e-12   4.36e-12  -4.12e-12   3.04e-12   1.04e-12   9.48e-13   6.46e-13   4.99e-13   2.22e-13   1.17e-13    6.3e-09  -3.45e-09   1.47e-09   1.86e-09   1.46e-09   1.15e-09   4.34e-10   -6.8e-10  -2.89e-10  -1.44e-08   -7.9e-09 
   8.4e-10     -0.111  -3.82e-17   9.68e-25  -3.25e-12   1.24e-13  -1.42e-14   1.06e-16   8.89e-17  -6.12e-17   1.73e-09   6.46e-10  -4.31e-10   4.12e-10  -3.05e-10  -1.05e-10  -9.47e-11  -6.56e-11  -4.99e-11  -2.21e-11  -1.17e-11    2.3e-12   -2.2e-12   1.21e-12   2.27e-12   8.65e-13   8.03e-13    2.1e-13   2.84e-12   1.25e-08  -1.72e-09  -1.78e-09 
  4.07e-10  -3.92e-16     0.0963   3.31e-24  -1.09e-12   1.37e-14  -7.68e-16   4.41e-17  -5.71e-17   1.22e-17   1.55e-09    5.8e-10  -3.36e-10   3.07e-10   -2.2e-10  -7.56e-11  -7.17e-11  -4.81e-11  -3.37e-11  -1.65e-11  -8.46e-12  -1.87e-14  -3.11e-13   1.36e-13   1.98e-12  -4.61e-13  -3.29e-13  -2.12e-13   2.47e-11  -7.76e-12  -4.15e-09  -2.06e-09 
   2.7e-11  -2.32e-16  -5.18e-16      0.412   4.93e-13  -1.07e-15   1.48e-19  -1.63e-24  -2.25e-09   4.83e-10   1.38e-10   3.81e-11  -1.15e-11   1.68e-11  -1.25e-11  -3.45e-12  -4.98e-12  -3.21e-12  -2.07e-12  -1.66e-12  -9.45e-13  -6.68e-12   6.84e-12  -3.62e-12   1.25e-13  -4.29e-12  -3.61e-12  -1.47e-12   2.55e-08   6.67e-09  -3.89e-09  -1.26e-09 
  5.85e-14  -3.25e-12  -1.09e-12   4.94e-13       0.83   5.09e-16   9.39e-24  -6.19e-10  -5.56e-11   6.09e-13   1.58e-13   5.88e-14  -1.89e-14   2.83e-14  -3.42e-14  -1.16e-14   -1.6e-14   9.07e-15  -2.16e-14  -1.12e-14  -6.56e-15   2.92e-08  -2.99e-08   1.58e-08   9.64e-16   1.87e-08   1.58e-08   6.43e-09  -7.98e-09  -3.27e-09   3.81e-10   4.19e-10 
 -2.99e-15   1.23e-13   1.38e-14  -7.15e-16   4.02e-16       1.34          0  -1.99e-10   2.21e-11  -8.51e-14  -4.47e-15   2.69e-15  -6.96e-17  -1.65e-15  -1.98e-15   7.72e-16  -6.83e-15  -3.61e-08   3.88e-08   2.05e-08   1.22e-08  -3.55e-09   3.45e-09  -1.99e-09  -2.84e-09  -1.87e-09  -1.69e-09  -5.79e-10   7.48e-10   2.42e-10  -7.67e-11  -3.89e-11 
  5.25e-16  -1.44e-14  -8.18e-16   1.38e-16   3.76e-16    1.6e-16       1.94   3.12e-11  -4.14e-13   1.12e-13   8.31e-15  -6.37e-15  -4.61e-16   -3.6e-09  -3.23e-08  -2.72e-15  -1.19e-08   6.36e-09  -1.13e-08  -2.74e-09  -1.89e-09   6.76e-10  -4.31e-10   4.73e-10   5.83e-10   4.12e-10   3.76e-10   1.42e-10  -1.67e-10  -5.68e-11   2.06e-11   4.97e-12 
  2.83e-11   1.17e-15   2.45e-16    2.5e-16  -6.19e-10  -1.99e-10   3.12e-11       2.62   1.19e-10  -9.51e-14  -1.21e-14   2.26e-15   9.79e-16   1.61e-08  -2.05e-09  -9.61e-10  -1.74e-09  -1.97e-08   8.14e-10   1.34e-10   3.11e-11  -3.88e-11   4.82e-12  -4.49e-12  -3.94e-12  -1.95e-12  -1.67e-12  -2.83e-12   2.82e-13  -1.42e-12   3.15e-12   7.88e-13 
  8.73e-11   -6.4e-17   5.94e-16  -2.25e-09  -5.56e-11   2.21e-11  -4.14e-13   1.19e-10       3.38   1.47e-13   6.01e-15   -1.7e-15   4.67e-16   7.36e-09   2.54e-09   6.73e-09   5.15e-09  -1.37e-15   1.52e-10   4.95e-11   9.84e-11  -1.96e-12   1.34e-11  -4.38e-12  -8.29e-12  -5.16e-12  -4.77e-12  -6.11e-08   2.07e-12   1.97e-12   7.43e-08   1.96e-08 
  -7.3e-11  -1.58e-17   6.43e-16   4.83e-10   6.09e-13  -8.48e-14   1.13e-13  -9.56e-14   1.45e-13       4.21   3.84e-14  -1.49e-15   4.01e-10  -1.19e-16  -2.03e-09   5.17e-09   2.64e-09    1.2e-08  -2.22e-10  -1.01e-10   1.76e-10   1.18e-11  -2.92e-12   4.95e-12   6.99e-12    4.5e-12   4.14e-12   6.02e-13  -1.78e-12  -9.73e-08   3.27e-08   5.59e-09 
 -1.79e-11   1.73e-09   1.55e-09   1.38e-10   1.59e-13  -4.18e-15   8.47e-15  -1.22e-14   5.22e-15   3.75e-14       5.09     -1e-14   9.62e-16   3.49e-16   5.38e-09  -6.52e-09  -2.83e-09  -6.46e-09   1.95e-10   3.78e-11  -1.34e-10   2.31e-12  -5.55e-12   1.35e-12   1.92e-12  -1.12e-08  -1.35e-08   3.34e-13  -5.25e-13  -9.08e-08  -2.22e-08   2.91e-09 
 -6.66e-12   6.46e-10    5.8e-10   3.81e-11   5.88e-14   2.64e-15  -5.93e-15   3.06e-15  -1.28e-15  -9.95e-16  -1.11e-14       6.02  -3.09e-15   4.27e-16    4.9e-09   7.23e-09   5.23e-09   3.38e-08   1.48e-10   3.77e-11   3.57e-11  -1.21e-12   -1.1e-13   4.06e-13   6.73e-13   4.37e-13   4.16e-13   3.12e-08   -7.3e-08  -1.27e-08   7.07e-09   2.99e-09 
  4.36e-12  -4.31e-10  -3.36e-10  -1.15e-11  -1.91e-14  -2.36e-17  -1.11e-15   9.34e-16  -2.27e-17   4.01e-10   2.15e-15  -2.69e-15          7  -4.04e-16   -5.6e-09   3.45e-09   8.43e-10  -4.76e-09  -1.42e-10   1.97e-11   1.55e-12  -1.06e-13   1.69e-12  -3.44e-13  -4.19e-13  -6.42e-08  -2.84e-13  -2.62e-08   3.46e-08   1.31e-08  -7.13e-09  -4.92e-09 
 -4.12e-12   4.12e-10   3.07e-10   1.68e-11   2.89e-14  -1.21e-15   -3.6e-09   1.61e-08   7.36e-09  -2.74e-16   3.84e-17   2.63e-16   7.24e-16       8.01  -4.08e-15   2.89e-16   1.22e-08  -2.52e-15  -4.42e-10  -1.62e-10   3.71e-10   3.62e-12   7.49e-12   3.74e-13   4.29e-13   2.95e-13   2.64e-13   2.28e-08  -6.88e-08    4.4e-08   3.33e-08   5.78e-10 
  3.04e-12  -3.05e-10   -2.2e-10  -1.25e-11  -3.37e-14  -1.64e-15  -3.23e-08  -2.05e-09   2.54e-09  -2.03e-09   5.38e-09    4.9e-09   -5.6e-09  -4.79e-15       9.05  -2.93e-15   7.81e-10  -1.62e-16  -2.23e-09  -1.71e-10   1.71e-10   1.16e-11   6.07e-12   2.55e-13   1.22e-08  -2.69e-08  -2.91e-08  -2.85e-08   4.99e-08   4.92e-08   6.67e-10  -9.82e-09 
  1.04e-12  -1.05e-10  -7.56e-11  -3.45e-12  -1.07e-14   1.53e-15  -2.67e-15  -9.61e-10   6.73e-09   5.17e-09  -6.52e-09   7.23e-09   3.45e-09   9.66e-16  -2.38e-15       10.1  -6.75e-15  -3.26e-08   1.34e-10  -7.46e-11  -3.86e-10   6.81e-13  -8.36e-12  -4.39e-14  -8.38e-14  -6.91e-14  -6.72e-14  -2.61e-09   4.71e-08  -6.45e-08  -4.56e-08  -4.36e-09 
  9.48e-13  -9.47e-11  -7.17e-11  -4.98e-12  -1.48e-14  -7.81e-15  -1.19e-08  -1.74e-09   5.15e-09   2.64e-09  -2.83e-09   5.23e-09   8.43e-10   1.22e-08   7.81e-10  -8.38e-15       11.2          0  -8.28e-10  -1.55e-10  -3.71e-10   7.02e-12  -5.85e-12   2.87e-13  -3.02e-14  -3.44e-14  -5.17e-14  -5.35e-09   3.68e-08  -2.82e-08   -2.8e-08   -5.4e-09 
  6.46e-13  -6.56e-11  -4.81e-11  -3.21e-12   8.57e-15  -3.61e-08   6.36e-09  -1.97e-08   6.63e-16    1.2e-08  -6.46e-09   3.38e-08  -4.76e-09   -3.1e-15  -3.68e-16  -3.26e-08  -1.83e-15       12.2  -5.33e-09   -1.1e-09  -4.63e-09   9.22e-12  -5.74e-11  -1.49e-13   1.71e-14  -3.92e-14  -3.59e-14   3.18e-09   5.67e-15   6.41e-15    3.9e-15  -4.33e-08 
  4.99e-13  -4.99e-11  -3.37e-11  -2.07e-12  -2.06e-14   3.88e-08  -1.13e-08   8.14e-10   1.52e-10  -2.22e-10   1.95e-10   1.48e-10  -1.42e-10  -4.42e-10  -2.23e-09   1.34e-10  -8.28e-10  -5.33e-09       13.3   3.69e-09   6.76e-09  -4.12e-12   3.17e-11  -3.91e-14  -6.59e-14  -3.78e-14  -2.33e-09  -3.27e-09    1.3e-08   4.92e-09  -7.85e-10  -1.81e-09 
  2.22e-13  -2.21e-11  -1.65e-11  -1.66e-12  -9.42e-15   2.05e-08  -2.74e-09   1.34e-10   4.95e-11  -1.01e-10   3.78e-11   3.77e-11   1.97e-11  -1.62e-10  -1.71e-10  -7.46e-11  -1.55e-10   -1.1e-09   3.69e-09       14.3  -6.68e-10   1.85e-11   1.31e-11  -2.04e-14  -9.11e-09  -2.34e-14    4.4e-10   1.09e-08      6e-09  -7.25e-10  -3.01e-09  -2.02e-09 
  1.17e-13  -1.17e-11  -8.46e-12  -9.45e-13  -6.96e-15   1.22e-08  -1.89e-09   3.11e-11   9.84e-11   1.76e-10  -1.34e-10   3.57e-11   1.55e-12   3.71e-10   1.71e-10  -3.86e-10  -3.71e-10  -4.63e-09   6.76e-09  -6.68e-10       15.3  -4.25e-11  -6.87e-11   -4.7e-14   3.81e-15  -8.37e-15  -8.35e-15  -3.47e-08   5.67e-09    4.1e-09   2.78e-09    2.9e-09 
   6.3e-09    2.3e-12  -1.85e-14  -6.68e-12   2.92e-08  -3.55e-09   6.76e-10  -3.88e-11  -1.96e-12   1.18e-11   2.31e-12  -1.21e-12  -1.07e-13   3.62e-12   1.16e-11   6.81e-13   7.02e-12   9.22e-12  -4.12e-12   1.85e-11  -4.25e-11       16.2  -2.05e-10   3.16e-14   4.91e-14   2.37e-15   3.95e-10   2.21e-10   2.28e-10  -2.42e-10   2.39e-10   1.27e-10 
 -3.45e-09   -2.2e-12  -3.12e-13   6.84e-12  -2.99e-08   3.45e-09  -4.31e-10   4.82e-12   1.34e-11  -2.92e-12  -5.55e-12  -1.11e-13   1.69e-12   7.49e-12   6.07e-12  -8.36e-12  -5.85e-12  -5.74e-11   3.17e-11   1.31e-11  -6.87e-11  -2.05e-10       17.1   1.32e-14   1.15e-13  -1.97e-15   2.25e-09   8.28e-10   2.48e-09   2.22e-10    5.6e-11   5.64e-11 
  1.47e-09   1.21e-12   1.37e-13  -3.62e-12   1.58e-08  -1.99e-09   4.73e-10  -4.49e-12  -4.38e-12   4.95e-12   1.35e-12   4.06e-13  -3.45e-13   3.75e-13   2.55e-13  -4.68e-14   2.87e-13  -1.46e-13  -3.75e-14  -2.15e-14  -4.83e-14   3.28e-14   1.56e-14       17.9   3.24e-14  -3.76e-08   6.81e-09   4.68e-09  -3.19e-10  -1.13e-10   2.76e-11   1.68e-11 
  1.86e-09   2.27e-12   1.98e-12   1.24e-13   2.63e-15  -2.84e-09   5.83e-10  -3.94e-12  -8.29e-12   6.99e-12   1.92e-12   6.74e-13   -4.2e-13    4.3e-13   1.22e-08  -8.35e-14  -2.95e-14    1.8e-14  -6.48e-14  -9.11e-09   4.65e-15   5.17e-14   1.14e-13   3.01e-14       18.7   1.56e-15  -2.61e-09  -2.39e-09  -5.58e-10  -1.59e-10   3.81e-11   2.36e-11 
  1.46e-09   8.66e-13  -4.61e-13  -4.29e-12   1.87e-08  -1.87e-09   4.12e-10  -1.94e-12  -5.16e-12    4.5e-12  -1.12e-08   4.38e-13  -6.42e-08   2.96e-13  -2.69e-08  -6.85e-14   -3.3e-14  -3.86e-14  -3.82e-14  -2.58e-14  -8.79e-15   1.76e-15   -1.3e-15  -3.76e-08   1.36e-15       19.4   1.01e-15   8.97e-09   -2.8e-10   -1.2e-10    2.4e-11   1.72e-11 
  1.15e-09   8.03e-13  -3.29e-13  -3.61e-12   1.58e-08  -1.69e-09   3.76e-10  -1.67e-12  -4.77e-12   4.14e-12  -1.35e-08   4.16e-13  -2.86e-13   2.63e-13  -2.91e-08  -6.76e-14     -5e-14  -3.45e-14  -2.33e-09    4.4e-10  -7.31e-15   3.95e-10   2.25e-09   6.81e-09  -2.61e-09  -1.87e-15       20.1   2.47e-16  -2.57e-10  -1.03e-10   2.24e-11   1.51e-11 
  4.34e-10    2.1e-13  -2.12e-13  -1.47e-12   6.43e-09  -5.79e-10   1.42e-10  -2.83e-12  -6.11e-08   6.01e-13   3.35e-13   3.12e-08  -2.62e-08   2.28e-08  -2.85e-08  -2.61e-09  -5.35e-09   3.18e-09  -3.27e-09   1.09e-08  -3.47e-08   2.21e-10   8.28e-10   4.68e-09  -2.39e-09   8.97e-09  -5.06e-15       20.6   2.23e-11  -3.58e-11   7.15e-12      5e-12 
  -6.8e-10   2.84e-12   2.47e-11   2.55e-08  -7.98e-09   7.48e-10  -1.67e-10   2.83e-13   2.07e-12  -1.78e-12  -5.26e-13   -7.3e-08   3.46e-08  -6.88e-08   4.99e-08   4.71e-08   3.68e-08   4.96e-15    1.3e-08      6e-09   5.67e-09   2.28e-10   2.48e-09  -3.19e-10  -5.58e-10   -2.8e-10  -2.57e-10   2.23e-11       21.1   5.84e-11  -9.17e-12  -7.79e-12 
 -2.89e-10   1.25e-08  -7.76e-12   6.67e-09  -3.27e-09   2.42e-10  -5.68e-11  -1.42e-12   1.97e-12  -9.73e-08  -9.08e-08  -1.27e-08   1.31e-08    4.4e-08   4.92e-08  -6.45e-08  -2.82e-08   6.21e-15   4.92e-09  -7.25e-10    4.1e-09  -2.42e-10   2.22e-10  -1.13e-10  -1.59e-10   -1.2e-10  -1.03e-10  -3.58e-11   5.84e-11       21.5  -2.54e-12  -2.96e-12 
 -1.44e-08  -1.72e-09  -4.15e-09  -3.89e-09   3.81e-10  -7.67e-11   2.06e-11   3.15e-12   7.43e-08   3.27e-08  -2.22e-08   7.07e-09  -7.13e-09   3.33e-08   6.67e-10  -4.56e-08   -2.8e-08   3.77e-15  -7.85e-10  -3.01e-09   2.78e-09   2.39e-10    5.6e-11   2.76e-11   3.81e-11    2.4e-11   2.24e-11   7.15e-12  -9.17e-12  -2.55e-12       21.8   4.83e-13 
  -7.9e-09  -1.78e-09  -2.06e-09  -1.26e-09   4.19e-10  -3.89e-11   4.97e-12   7.89e-13   1.96e-08   5.59e-09   2.91e-09   2.99e-09  -4.92e-09   5.78e-10  -9.82e-09  -4.36e-09   -5.4e-09  -4.33e-08  -1.81e-09  -2.02e-09    2.9e-09   1.27e-10   5.64e-11   1.68e-11   2.36e-11   1.72e-11   1.51e-11      5e-12  -7.78e-12  -2.96e-12   4.85e-13         22 
V=
     0.239     -0.102      0.124     -0.147     -0.166     -0.181      0.195      0.207     -0.217     -0.226     -0.232     -0.237       0.24      -0.24      0.238      0.235      0.229      0.221      0.211      0.198      0.184     -0.169      0.151     -0.133     -0.113    -0.0928    -0.0726     -0.053      0.035     0.0197   -0.00848    0.00212 
     0.356     -0.145      0.172     -0.195     -0.207      -0.21      0.205      0.192     -0.172     -0.145     -0.112    -0.0748     0.0334     0.0102    -0.0547    -0.0983     -0.139     -0.176     -0.208     -0.232     -0.248      0.256     -0.254      0.243      0.223      0.195       0.16      0.122    -0.0837    -0.0485     0.0213   -0.00541 
     0.397     -0.147      0.165      -0.17     -0.156     -0.125     0.0816     0.0287     0.0296     0.0888      0.144      0.191     -0.225      0.243     -0.242     -0.223     -0.186     -0.133     -0.068    0.00336     0.0757     -0.143      0.199     -0.239     -0.259     -0.257     -0.234     -0.193       0.14     0.0852    -0.0388     0.0101 
     0.394     -0.123      0.122    -0.0985    -0.0496     0.0152    -0.0865     -0.154      0.207      0.238       0.24      0.211     -0.155     0.0765     0.0133      0.102      0.178      0.229      0.248      0.229      0.177    -0.0962  -0.000392     0.0987      0.184      0.241      0.263      0.246     -0.196     -0.127     0.0608    -0.0163 
     0.367    -0.0829     0.0588    -0.0047     0.0711      0.149     -0.211     -0.241      0.228      0.171     0.0799    -0.0291      0.134     -0.212      0.245      0.226      0.157     0.0527    -0.0647     -0.168     -0.234      0.246     -0.198      0.103    -0.0203     -0.141     -0.229     -0.265       0.24      0.171    -0.0867     0.0243 
     0.327    -0.0344    -0.0125       0.09      0.173       0.23     -0.237     -0.185     0.0822    -0.0456     -0.163     -0.235      0.238     -0.169     0.0482    -0.0886     -0.199     -0.246     -0.215     -0.113     0.0264     -0.158      0.238     -0.237     -0.153     -0.014      0.134      0.238     -0.264     -0.211      0.116    -0.0342 
     0.284     0.0169    -0.0823      0.169      0.231      0.231     -0.156    -0.0233     -0.121     -0.223      -0.24     -0.162     0.0183      0.134     -0.232     -0.233     -0.136     0.0208      0.169      0.244      0.212    -0.0843    -0.0824      0.213      0.246      0.163   0.000734     -0.166       0.26      0.244     -0.147     0.0459 
     0.242     0.0671     -0.144      0.221      0.235      0.157   -0.00715      0.151     -0.241     -0.213    -0.0769     0.0999     -0.226      0.232     -0.114     0.0663      0.211       0.24      0.135    -0.0468     -0.203      0.243     -0.142     -0.043     -0.204     -0.244     -0.135     0.0601     -0.224     -0.264      0.178    -0.0595 
     0.202      0.114     -0.192       0.24      0.187     0.0336      0.145      0.243     -0.196    -0.0253      0.163      0.246     -0.168    -0.0222      0.198       0.24      0.118    -0.0866     -0.231     -0.214    -0.0451     -0.157      0.247     -0.157     0.0495      0.221      0.227     0.0588      0.159      0.267     -0.207      0.075 
     0.167      0.155     -0.224      0.225     0.0978     -0.101      0.236      0.204    -0.0182      0.183      0.242      0.109      0.112     -0.243      0.175    -0.0387      -0.22     -0.217    -0.0302      0.183       0.24    -0.0887      -0.14      0.246      0.133     -0.101     -0.245     -0.164    -0.0713     -0.251      0.233    -0.0922 
     0.137       0.19     -0.238       0.18    -0.0116     -0.204      0.231     0.0561      0.171      0.242     0.0855     -0.153      0.245    -0.0988     -0.144     -0.245     -0.103      0.143      0.245     0.0989     -0.148      0.244    -0.0869     -0.161      -0.24    -0.0635      0.183      0.232    -0.0266      0.216     -0.254      0.111 
     0.111      0.218     -0.236      0.112     -0.119     -0.248      0.133     -0.121      0.247      0.104     -0.154     -0.241     0.0551      0.194      -0.22    0.00764      0.227      0.181    -0.0778     -0.245     -0.121     -0.148      0.239    -0.0395      0.209      0.199    -0.0594     -0.245       0.12     -0.163      0.267     -0.131 
    0.0895       0.24     -0.217     0.0301     -0.202     -0.219    -0.0191     -0.235       0.16     -0.117     -0.245    -0.0555     -0.207      0.197     0.0735      0.246     0.0892     -0.188     -0.211     0.0527      0.244       -0.1     -0.183      0.212    -0.0562     -0.245    -0.0842      0.199     -0.195     0.0952      -0.27      0.151 
    0.0717      0.256     -0.185    -0.0556     -0.246     -0.127     -0.163     -0.227    -0.0315     -0.245       -0.1      0.192     -0.198    -0.0929      0.244     0.0256     -0.232     -0.135      0.169      0.212    -0.0732      0.245    -0.0333     -0.231     -0.129      0.179      0.199     -0.105      0.239     -0.019      0.264     -0.172 
    0.0572      0.266     -0.142     -0.135     -0.243    0.00102     -0.243     -0.102     -0.203     -0.176      0.141      0.224     0.0684     -0.245    0.00648     -0.243    -0.0772       0.22      0.138     -0.183     -0.187     -0.135       0.22     0.0819      0.238    -0.0301     -0.245     -0.016     -0.244    -0.0591     -0.247      0.193 
    0.0454       0.27    -0.0906     -0.199     -0.193      0.129     -0.228     0.0752     -0.243     0.0325      0.247    0.00325      0.246    -0.0337     -0.242    -0.0599      0.236     0.0823     -0.228     -0.101       0.22     -0.116     -0.213      0.127     -0.207     -0.132      0.205      0.133      0.208      0.131      0.218     -0.212 
    0.0359       0.27    -0.0342      -0.24     -0.108       0.22     -0.125      0.214     -0.126      0.216      0.118     -0.221      0.104      0.227    -0.0871      0.234     0.0662      -0.24    -0.0418      0.244      0.014      0.245     0.0175     -0.242     0.0531      0.233     -0.093     -0.216     -0.136      -0.19      -0.18      0.231 
    0.0283      0.265      0.024     -0.256   -0.00252      0.251     0.0261      0.245     0.0722      0.228     -0.124     -0.197     -0.173      0.152      0.213     0.0941     -0.239    -0.0261      0.246    -0.0466     -0.231     -0.118      0.193       0.18      0.133     -0.225    -0.0519      0.244     0.0419       0.23      0.133     -0.247 
    0.0222      0.257      0.081     -0.244      0.103      0.213      0.167      0.151      0.224     0.0602     -0.248     0.0464     -0.226     -0.147      0.159      -0.22     -0.056      0.246    -0.0612     -0.216      0.166     -0.133     -0.232     0.0148     -0.239      0.111      0.178     -0.209     0.0598     -0.246    -0.0791      0.261 
    0.0174      0.247      0.134     -0.206       0.19      0.116      0.245    -0.0184      0.232     -0.155     -0.137      0.239     0.0124      -0.23     -0.159     -0.127      0.241    -0.0306      -0.22      0.176      0.101      0.244     0.0649     -0.199      0.203     0.0552     -0.241       0.12     -0.151      0.235      0.021     -0.271 
    0.0136      0.233      0.181     -0.146      0.243    -0.0117       0.23     -0.179     0.0921     -0.248      0.103      0.165      0.235     0.0262     -0.213      0.201     0.0466     -0.239      0.153       0.11     -0.245    -0.0981       0.16      0.236    -0.0444     -0.195      0.217  -8.23e-05      0.216     -0.199     0.0381      0.278 
    0.0105      0.218      0.219    -0.0721      0.253     -0.137      0.127      -0.25     -0.106     -0.146      0.246    -0.0923      0.155      0.244      0.086      0.158     -0.243      0.085      0.157     -0.242     0.0887     -0.151     -0.243    -0.0978      -0.14      0.243     -0.115      -0.12     -0.242      0.142    -0.0952      -0.28 
   0.00819      0.201      0.248     0.0095      0.218     -0.225     -0.023     -0.196     -0.237     0.0702      0.157     -0.247     -0.125      0.103      0.243     -0.177    -0.0378       0.22     -0.218     0.0345      0.177      0.241      0.108     -0.113      0.241     -0.175    -0.0292      0.209      0.225    -0.0683      0.147      0.277 
   0.00633      0.183      0.266     0.0902      0.145     -0.253     -0.165    -0.0442     -0.218      0.232    -0.0803     -0.127     -0.244     -0.189   -0.00244     -0.185      0.244     -0.134    -0.0669      0.222     -0.225    -0.0761      0.123      0.239     -0.195     0.0234      0.162     -0.242     -0.167    -0.0126      -0.19      -0.27 
   0.00488      0.164      0.272      0.162     0.0463     -0.213     -0.245      0.129      -0.06      0.212     -0.242      0.133    -0.0494     -0.204     -0.243      0.148     0.0294      -0.19      0.245     -0.166   -0.00269     -0.169     -0.244     -0.188     0.0321      0.139     -0.236      0.211     0.0791     0.0921      0.222      0.257 
   0.00373      0.144      0.268      0.218    -0.0603     -0.117     -0.233      0.238      0.136     0.0269     -0.176      0.246      0.209     0.0804    -0.0819      0.208     -0.245      0.177    -0.0337     -0.123      0.227      0.236      0.146   -0.00387      0.151     -0.235      0.224     -0.124     0.0234     -0.161     -0.241     -0.239 
   0.00283      0.124      0.252      0.252     -0.156    0.00972     -0.135       0.23      0.245      -0.18     0.0551     0.0863      0.199      0.247      0.215     -0.115    -0.0215       0.15     -0.231      0.239     -0.172    -0.0521     0.0835      0.193     -0.242      0.218     -0.129    0.00368     -0.122      0.212      0.244      0.216 
   0.00212      0.103      0.227      0.263     -0.226      0.134     0.0136      0.107      0.201     -0.246      0.234     -0.169     -0.066     0.0515      0.157     -0.227      0.246      -0.21      0.128    -0.0185    -0.0947     -0.187     -0.238     -0.237      0.186    -0.0964    -0.0126      0.118      0.197     -0.238     -0.233     -0.189 
   0.00154     0.0826      0.193      0.248     -0.256      0.223      0.157    -0.0682     0.0293     -0.121      0.194     -0.238     -0.246     -0.219      -0.16     0.0785      0.014     -0.104      0.179     -0.228      0.245      0.227      0.178      0.104     -0.017    -0.0718       0.15     -0.207     -0.237      0.236      0.207      0.157 
   0.00107     0.0619      0.151       0.21     -0.244      0.254      0.242      -0.21      -0.16     0.0981    -0.0282    -0.0435     -0.111     -0.169     -0.213      0.239     -0.246      0.233     -0.201      0.153    -0.0935    -0.0266     0.0419      0.107     -0.163      0.205     -0.232      0.241      0.232     -0.207     -0.169     -0.121 
  0.000677     0.0412      0.104      0.152      -0.19      0.218      0.238     -0.248     -0.249      0.241     -0.224      0.199      0.166      0.128     0.0855    -0.0399   -0.00687     0.0532    -0.0974      0.138     -0.173     -0.202     -0.224     -0.238      0.243      -0.24      0.228     -0.209     -0.184      0.153      0.119     0.0823 
  0.000327     0.0206     0.0529     0.0796     -0.103      0.125      0.146     -0.165     -0.182      0.197      -0.21      0.222      0.231      0.238      0.243     -0.246      0.246     -0.244      0.241     -0.234      0.226      0.216      0.204       0.19     -0.175      0.158      -0.14      0.121      0.101    -0.0814    -0.0614    -0.0417 
dr=0.05
dr=0.1
dr=0.15
dr=0.2
dr=0.25
dr=0.3
dr=0.35
dr=0.4
dr=0.45
dr=0.5
