0.1 0.180549247307099
0.2 0.326789644902995
0.3 0.443610838960993
0.4 0.535283046166067
0.5 0.605530603764302
0.6 0.657597174965604
0.7 0.694303441422178
0.8 0.718098220239933
0.9 0.73110364962526
1 0.735155171764921
1.1 0.731836845199946
1.2 0.722512544510319
1.3 0.708353509083984
1.4 0.690362630938134
1.5 0.669395873856486
1.6 0.646181134068118
1.7 0.621334855622683
1.8 0.595376639568059
1.9 0.568742076096682
2 0.54179401835763
2.1 0.514832472905401
2.2 0.488103270976729
2.3 0.461805651054689
2.4 0.436098892024325
2.5 0.411108108037489
2.6 0.386929307457668
2.7 0.363633789698791
2.8 0.341271976619086
2.9 0.319876731199338
3 0.299466244312128
3.1 0.280046524220863
3.2 0.26161354642396
3.3 0.244155108899662
3.4 0.227652415863353
3.5 0.212081448924087
3.6 0.197414123050998
3.7 0.183619280397966
3.8 0.1706635247065
3.9 0.158511926016702
4 0.147128619767475
4.1 0.136477293487189
4.2 0.126521600733774
4.3 0.117225491000527
4.4 0.108553482069829
4.5 0.100470882512258
4.6 0.0929439529241255
4.7 0.0859400473408491
4.8 0.0794276997897537
4.9 0.0733767030442137
5 0.0677581505961836
5.1 0.0625444588755361
5.2 0.0577093841914783
5.3 0.0532280056951318
5.4 0.0490767239635269
5.5 0.0452332216260882
5.6 0.0416764417379352
5.7 0.0383865450796215
5.8 0.0353448675676261
5.9 0.0325338812854578
6 0.0299371374165989
6.1 0.0275392303941594
6.2 0.0253257369205323
6.3 0.0232831757840372
6.4 0.0213989519216012
6.5 0.0196613128482034
6.6 0.0180593018138999
6.7 0.0165827091383053
6.8 0.015222030211333
6.9 0.0139684206311952
7 0.0128136593648578
7.1 0.0117501056547245
7.2 0.010770662625385
7.3 0.00986873918230588
7.4 0.00903821984656749
7.5 0.00827343009720751
7.6 0.00756910677750971
7.7 0.00692036734433146
7.8 0.00632268310858849
7.9 0.00577185654492501
8 0.00526399234350606
8.1 0.00479547839236268
8.2 0.00436295871937218
8.3 0.00396331861043843
8.4 0.00359366295362976
8.5 0.0032512978376414
8.6 0.00293371545368488
8.7 0.00263857356469825
8.8 0.00236368618471538
8.9 0.00210700442671628
9 0.00186660610251504
9.1 0.00164068006846404
9.2 0.00142751339051153
9.3 0.0012254829909277
9.4 0.00103304116832736
9.5 0.000848706649190258
9.6 0.000671051259264572
9.7 0.000498691024010257
9.8 0.000330277299329754
9.9 0.000164484163594545


0.3 0.436908468957475
0.6 0.650146497965161
0.9 0.725593192688933
1.2 0.719817785066575
1.5 0.669457656183468
1.8 0.59771578583274
2.1 0.518837848057622
2.4 0.44117752602984
2.7 0.369279468378033
3 0.305281935691496
3.3 0.249850950969292
3.6 0.202793880952898
3.9 0.163455370606266
4.2 0.130966825177364
4.5 0.104398498909791
4.8 0.0828476790893959
5.1 0.0654857296420365
5.4 0.051579263771474
5.7 0.0404956161868018
6 0.031699248471737
6.3 0.0247433728944463
6.6 0.0192594736063488
6.9 0.0149463252045237
7.2 0.0115594634949354
7.5 0.00890155282495509
7.8 0.00681388723317653
8.1 0.0051690142780591
8.4 0.00386446525718236
8.7 0.00281741383653692
9 0.00196017666391838
9.3 0.00123635026654192
9.6 0.00059746980295571


0.1 0.190827793282605
0.2 0.345329218275971
0.3 0.468625991280012
0.4 0.565197627319814
0.5 0.638956733381907
0.6 0.693315805651127
0.7 0.731246500341936
0.8 0.755332160143134
0.9 0.767814375886949
1 0.770634212362127
1.1 0.765468703288871
1.2 0.753763136081933
1.3 0.736759586168713
1.4 0.715522131016754
1.5 0.690959103615137
1.6 0.663842721859774
1.7 0.634826395018673
1.8 0.604459950394405
1.9 0.573203044105073
2 0.54143692702179
2.1 0.509474786947297
2.2 0.47757080289518
2.3 0.445928072371554
2.4 0.414705543539145
2.5 0.384024047938311
2.6 0.353971568238849
2.7 0.324607792024717
2.8 0.295968069807037
2.9 0.268066818228065
3 0.240900446148886
3.1 0.214449860686538
3.2 0.188682584852136
3.3 0.163554557741523
3.4 0.139011621843955
3.5 0.114990758738106
3.6 0.0914210829752043
3.7 0.0682246244376531
3.8 0.0453169310620585
3.9 0.0226074885364853


0.3 0.466510843551909
0.6 0.692457799083478
0.9 0.769064991775754
1.2 0.756717337428262
1.5 0.694678908901567
1.8 0.607863903890452
2.1 0.511525962772125
2.4 0.41448185317608
2.7 0.321306421611119
3 0.233807545083391
3.3 0.151998087019255
3.6 0.0747163960514136


