-5 -5
-4 -4
-3 -3
-2 -2
-1 -1
0 0
1 1
2 2
3 3
4 4
5 5


-5 -5 1 6.5
-4.81481481481481 -4.81481481481481 1 5.59122085048011
-4.62962962962963 -4.62962962962963 1 4.71673525377229
-4.44444444444444 -4.44444444444444 1 3.87654320987654
-4.25925925925926 -4.25925925925926 1 3.07064471879287
-4.07407407407407 -4.07407407407407 1 2.29903978052126
-3.88888888888889 -3.88888888888889 1 1.56172839506173
-3.7037037037037 -3.7037037037037 1 0.858710562414267
-3.51851851851852 -3.51851851851852 1 0.189986282578875
-3.33333333333333 -3.33333333333333 1 -0.444444444444446
-3.14814814814815 -3.14814814814815 1 -1.04458161865569
-2.96296296296296 -2.96296296296296 1 -1.61042524005487
-2.77777777777778 -2.77777777777778 1 -2.14197530864198
-2.59259259259259 -2.59259259259259 1 -2.63923182441701
-2.40740740740741 -2.40740740740741 1 -3.10219478737997
-2.22222222222222 -2.22222222222222 1 -3.53086419753086
-2.03703703703704 -2.03703703703704 1 -3.92524005486968
-1.85185185185185 -1.85185185185185 1 -4.28532235939643
-1.66666666666667 -1.66666666666667 1 -4.61111111111111
-1.48148148148148 -1.48148148148148 1 -4.90260631001372
-1.2962962962963 -1.2962962962963 1 -5.15980795610425
-1.11111111111111 -1.11111111111111 1 -5.38271604938272
-0.925925925925926 -0.925925925925926 1 -5.57133058984911
-0.74074074074074 -0.74074074074074 1 -5.72565157750343
-0.555555555555555 -0.555555555555555 1 -5.84567901234568
-0.37037037037037 -0.37037037037037 1 -5.93141289437586
-0.185185185185185 -0.185185185185185 1 -5.98285322359396
0 0 1 -6
0.185185185185185 0.185185185185185 1 -5.98285322359396
0.37037037037037 0.37037037037037 1 -5.93141289437586
0.555555555555555 0.555555555555555 1 -5.84567901234568
0.74074074074074 0.74074074074074 1 -5.72565157750343
0.925925925925926 0.925925925925926 1 -5.57133058984911
1.11111111111111 1.11111111111111 1 -5.38271604938272
1.2962962962963 1.2962962962963 1 -5.15980795610425
1.48148148148148 1.48148148148148 1 -4.90260631001372
1.66666666666667 1.66666666666667 1 -4.61111111111111
1.85185185185185 1.85185185185185 1 -4.28532235939643
2.03703703703704 2.03703703703704 1 -3.92524005486968
2.22222222222222 2.22222222222222 1 -3.53086419753086
2.40740740740741 2.40740740740741 1 -3.10219478737997
2.59259259259259 2.59259259259259 1 -2.63923182441701
2.77777777777778 2.77777777777778 1 -2.14197530864197
2.96296296296296 2.96296296296296 1 -1.61042524005487
3.14814814814815 3.14814814814815 1 -1.04458161865569
3.33333333333333 3.33333333333333 1 -0.444444444444443
3.51851851851852 3.51851851851852 1 0.189986282578877
3.7037037037037 3.7037037037037 1 0.858710562414268
3.88888888888889 3.88888888888889 1 1.56172839506173
4.07407407407407 4.07407407407407 1 2.29903978052126
4.25925925925926 4.25925925925926 1 3.07064471879287
4.44444444444444 4.44444444444444 1 3.87654320987654
4.62962962962963 4.62962962962963 1 4.71673525377229
4.81481481481481 4.81481481481481 1 5.59122085048011
5 5 1 6.5
