-5 1
-4 1
-3 1
-2 1
-1 1
0 1
1 1
2 1
3 1
4 1
5 1


-5 1 0 -4
-4.81481481481481 1 0 -3.81481481481481
-4.62962962962963 1 0 -3.62962962962963
-4.44444444444444 1 0 -3.44444444444444
-4.25925925925926 1 0 -3.25925925925926
-4.07407407407407 1 0 -3.07407407407407
-3.88888888888889 1 0 -2.88888888888889
-3.7037037037037 1 0 -2.7037037037037
-3.51851851851852 1 0 -2.51851851851852
-3.33333333333333 1 0 -2.33333333333333
-3.14814814814815 1 0 -2.14814814814815
-2.96296296296296 1 0 -1.96296296296296
-2.77777777777778 1 0 -1.77777777777778
-2.59259259259259 1 0 -1.59259259259259
-2.40740740740741 1 0 -1.40740740740741
-2.22222222222222 1 0 -1.22222222222222
-2.03703703703704 1 0 -1.03703703703704
-1.85185185185185 1 0 -0.851851851851852
-1.66666666666667 1 0 -0.666666666666667
-1.48148148148148 1 0 -0.481481481481481
-1.2962962962963 1 0 -0.296296296296296
-1.11111111111111 1 0 -0.111111111111111
-0.925925925925926 1 0 0.0740740740740744
-0.74074074074074 1 0 0.25925925925926
-0.555555555555555 1 0 0.444444444444445
-0.37037037037037 1 0 0.62962962962963
-0.185185185185185 1 0 0.814814814814815
0 1 0 1
0.185185185185185 1 0 1.18518518518519
0.37037037037037 1 0 1.37037037037037
0.555555555555555 1 0 1.55555555555556
0.74074074074074 1 0 1.74074074074074
0.925925925925926 1 0 1.92592592592593
1.11111111111111 1 0 2.11111111111111
1.2962962962963 1 0 2.2962962962963
1.48148148148148 1 0 2.48148148148148
1.66666666666667 1 0 2.66666666666667
1.85185185185185 1 0 2.85185185185185
2.03703703703704 1 0 3.03703703703704
2.22222222222222 1 0 3.22222222222222
2.40740740740741 1 0 3.40740740740741
2.59259259259259 1 0 3.59259259259259
2.77777777777778 1 0 3.77777777777778
2.96296296296296 1 0 3.96296296296296
3.14814814814815 1 0 4.14814814814815
3.33333333333333 1 0 4.33333333333333
3.51851851851852 1 0 4.51851851851852
3.7037037037037 1 0 4.7037037037037
3.88888888888889 1 0 4.88888888888889
4.07407407407407 1 0 5.07407407407407
4.25925925925926 1 0 5.25925925925926
4.44444444444444 1 0 5.44444444444444
4.62962962962963 1 0 5.62962962962963
4.81481481481481 1 0 5.81481481481481
5 1 0 6
