-5 25
-4 16
-3 9
-2 4
-1 1
0 0
1 1
2 4
3 9
4 16
5 25


-5 25 -9 -30
-4.81481481481481 23.3333333333333 -9 -25.5246913580247
-4.62962962962963 21.6666666666667 -9 -21.358024691358
-4.44444444444444 20 -9 -17.5
-4.25925925925926 18.3333333333333 -9 -13.9506172839506
-4.07407407407407 16.6666666666667 -9 -10.7098765432099
-3.88888888888889 15.1234567901235 -7.77777777777778 -7.77114769090078
-3.7037037037037 13.7174211248285 -7.40740740740741 -5.10175447509695
-3.51851851851852 12.3799725651578 -7.03703703703704 -2.68638757641958
-3.33333333333333 11.1111111111111 -6.66666666666667 -0.512345679012341
-3.14814814814815 9.91083676268861 -6.2962962962963 1.43307253298109
-2.96296296296296 8.77914951989026 -5.92592592592593 3.16256837541703
-2.77777777777778 7.71604938271605 -5.55555555555556 4.68884316415181
-2.59259259259259 6.72153635116598 -5.18518518518519 6.02459821504175
-2.40740740740741 5.79561042524005 -4.81481481481481 7.18253484394317
-2.22222222222222 4.93827160493827 -4.44444444444444 8.17535436671239
-2.03703703703704 4.14951989026063 -4.07407407407407 9.01575809920574
-1.85185185185185 3.42935528120713 -3.7037037037037 9.71644735727955
-1.66666666666667 2.77777777777778 -3.33333333333333 10.2901234567901
-1.48148148148148 2.19478737997257 -2.96296296296296 10.7494877135938
-1.2962962962963 1.6803840877915 -2.59259259259259 11.1072414435469
-1.11111111111111 1.23456790123457 -2.22222222222222 11.3760859625057
-0.925925925925926 0.857338820301783 -1.85185185185185 11.5687225863266
-0.74074074074074 0.548696844993141 -1.48148148148148 11.6978526308659
-0.555555555555555 0.308641975308642 -1.11111111111111 11.7761774119799
-0.37037037037037 0.137174211248285 -0.74074074074074 11.8163982455249
-0.185185185185185 0.0342935528120714 -0.37037037037037 11.8312164473573
0 0 0 11.8333333333333
0.185185185185185 0.0342935528120713 0.37037037037037 11.8354502193094
0.37037037037037 0.137174211248285 0.74074074074074 11.8502684211418
0.555555555555555 0.308641975308642 1.11111111111111 11.8904892546868
0.74074074074074 0.548696844993141 1.48148148148148 11.9688140358008
0.925925925925926 0.857338820301783 1.85185185185185 12.0979440803401
1.11111111111111 1.23456790123457 2.22222222222222 12.290580704161
1.2962962962963 1.6803840877915 2.59259259259259 12.5594252231198
1.48148148148148 2.19478737997257 2.96296296296296 12.9171789530729
1.66666666666667 2.77777777777778 3.33333333333333 13.3765432098766
1.85185185185185 3.42935528120713 3.7037037037037 13.9502193093871
2.03703703703704 4.14951989026063 4.07407407407407 14.6509085674609
2.22222222222222 4.93827160493827 4.44444444444444 15.4913122999543
2.40740740740741 5.79561042524005 4.81481481481481 16.4841318227235
2.59259259259259 6.72153635116598 5.18518518518519 17.6420684516249
2.77777777777778 7.71604938271605 5.55555555555556 18.9778235025149
2.96296296296296 8.77914951989026 5.92592592592593 20.5040982912497
3.14814814814815 9.91083676268862 6.2962962962963 22.2335941336856
3.33333333333333 11.1111111111111 6.66666666666667 24.179012345679
3.51851851851852 12.3799725651578 7.03703703703704 26.3530542430863
3.7037037037037 13.7174211248285 7.40740740740741 28.7684211417636
3.88888888888889 15.1234567901235 7.77777777777778 31.4378143575675
4.07407407407407 16.5980795610425 8.14814814814815 34.3739352063541
4.25925925925926 18.1412894375857 8.51851851851852 37.5894850039798
4.44444444444444 19.7530864197531 8.88888888888889 41.0971650663009
4.62962962962963 21.4334705075446 9.25925925925926 44.9096767091738
4.81481481481481 23.1824417009602 9.62962962962963 49.0397212484547
5 25 10 53.5
