 0 1 0
 0.0695922423263562 0.974047436307669 0.139184484652712
 0.139184484652712 0.948094872615338 0.278368969305425
 0.208776726979069 0.922142308923006 0.417553453958137
 0.278368969305425 0.896189745230675 0.556737938610849
 0.347961211631781 0.870237181538344 0.695922423263562
 0.417553453958137 0.844284617846013 0.835106907916274
 0.487145696284493 0.818332054153681 0.974291392568986
 0.556737938610849 0.79237949046135 1.1134758772217
 0.626330180937206 0.766426926769019 1.25266036187441
 0.695922423263562 0.740474363076688 1.39184484652712
 0.765514665589918 0.714521799384356 1.53102933117984
 0.835106907916274 0.662353187440563 1.67021381583255
 0.90469915024263 0.599698156196186 1.80939830048526
 0.974291392568986 0.537043124951808 1.94858278513797
 1.04388363489534 0.474388093707431 2.08776726979069
 1.1134758772217 0.411733062463053 2.2269517544434
 1.18306811954806 0.349078031218675 2.36613623909611
 1.25266036187441 0.286422999974298 2.50532072374882
 1.32225260420077 0.22376796872992 2.64450520840153
 1.39184484652712 0.161112937485542 2.78368969305425
 1.46143708885348 0.0984579062411649 2.92287417770696
 1.53102933117984 0.0358028749967872 3.06205866235967
 1.60062157350619 -0.0268521562475902 3.20124314701238
 1.67021381583255 -0.0895071874919681 3.3404276316651
 1.7398060581589 -0.152162218736346 3.47961211631781
 1.80939830048526 -0.214817249980723 3.61879660097052
 1.87899054281162 -0.277472281225101 3.75798108562323
 1.94858278513797 -0.340127312469478 3.89716557027595
 2.01817502746433 -0.402782343713856 4.03635005492866
 2.08776726979069 -0.465437374958234 4.17553453958137
 2.15735951211704 -0.528092406202611 4.31471902423408
 2.2269517544434 -0.590747437446989 4.4539035088868
 2.29654399676975 -0.653402468691367 4.59308799353951
 2.36613623909611 -0.710814290285452 4.73227247819222
 2.43572848142247 -0.736766853977783 4.87145696284493
 2.50532072374882 -0.762719417670114 5.01064144749764
 2.57491296607518 -0.788671981362446 5.14982593215036
 2.64450520840153 -0.814624545054777 5.28901041680307
 2.71409745072789 -0.840577108747108 5.42819490145578
 2.78368969305425 -0.866529672439439 5.56737938610849
 2.8532819353806 -0.892482236131771 5.70656387076121
 2.92287417770696 -0.918434799824102 5.84574835541392
 2.99246642003332 -0.944387363516433 5.98493284006663
 3.06205866235967 -0.970339927208764 6.12411732471934
 3.13165090468603 -0.996292490901096 6.26330180937206
 3.20124314701238 -0.977754945406573 6.40248629402477
 3.27083538933874 -0.951802381714242 6.54167077867748
 3.3404276316651 -0.925849818021911 6.68085526333019
 3.41001987399145 -0.899897254329579 6.82003974798291
 3.47961211631781 -0.873944690637248 6.95922423263562
 3.54920435864417 -0.847992126944917 7.09840871728833
 3.61879660097052 -0.822039563252586 7.23759320194104
 3.68838884329688 -0.796086999560255 7.37677768659375
 3.75798108562323 -0.770134435867923 7.51596217124647
 3.82757332794959 -0.744181872175592 7.65514665589918
 3.89716557027595 -0.718229308483261 7.79433114055189
 3.9667578126023 -0.671303906189761 7.9335156252046
 4.03635005492866 -0.608648874945383 8.07270010985732
 4.10594229725501 -0.545993843701005 8.21188459451003
 4.17553453958137 -0.483338812456628 8.35106907916274
 4.24512678190773 -0.42068378121225 8.49025356381545
 4.31471902423408 -0.358028749967873 8.62943804846816
 4.38431126656044 -0.295373718723495 8.76862253312088
 4.4539035088868 -0.232718687479117 8.90780701777359
 4.52349575121315 -0.170063656234739 9.0469915024263
 4.59308799353951 -0.107408624990361 9.18617598707902
 4.66268023586586 -0.0447535937459844 9.32536047173173
 4.73227247819222 0.0179014374983935 9.46454495638444
 4.80186472051858 0.0805564687427713 9.60372944103715
 4.87145696284493 0.143211499987148 9.74291392568986
 4.94104920517129 0.205866531231526 9.88209841034258
 5.01064144749764 0.268521562475904 10.0212828949953
 5.080233689824 0.331176593720281 10.160467379648
 5.14982593215036 0.393831624964659 10.2996518643007
 5.21941817447671 0.456486656209037 10.4388363489534
 5.28901041680307 0.519141687453415 10.5780208336061
 5.35860265912943 0.581796718697792 10.7172053182589
 5.42819490145578 0.64445174994217 10.8563898029116
 5.49778714378214 0.707106781186547 10.9955742875643
