1000 3.116 0.05248374986603 0.025592653589793 0.0316227766016838
2000 3.126 0.0369602759729957 0.0155926535897932 0.0223606797749979
3000 3.124 0.0302027813288776 0.017592653589793 0.0182574185835055
4000 3.15 0.0258722824659905 0.0084073464102068 0.0158113883008419
5000 3.1328 0.0233099299012245 0.00879265358979309 0.014142135623731
6000 3.134 0.0212683019225012 0.00759265358979322 0.0129099444873581
7000 3.16514285714286 0.0194291464500741 0.0235502035530639 0.0119522860933439
8000 3.15 0.0182944663764757 0.0084073464102068 0.0111803398874989
9000 3.13066666666667 0.0173896293772048 0.0109259869231266 0.0105409255338946
10000 3.1644 0.0162609121515369 0.022807346410207 0.01
11000 3.11745454545455 0.0158151116997837 0.0241381081352476 0.00953462589245592
12000 3.14433333333333 0.0149735912587858 0.00274067974354031 0.00912870929175277
13000 3.11169230769231 0.0145817066981933 0.0299003458974854 0.00877058019307029
14000 3.14885714285714 0.0138360999493203 0.00726448926734991 0.00845154254728517
15000 3.1376 0.013430974747451 0.00399265358979317 0.00816496580927726
16000 3.125 0.0130728129145949 0.0165926535897931 0.00790569415042095
17000 3.15058823529412 0.0125467284528976 0.00899558170432435 0.0076696498884737
18000 3.14911111111111 0.0122009645664253 0.00751845752131786 0.0074535599249993
19000 3.12463157894737 0.0119982538458384 0.0169610746424249 0.00725476250110012
20000 3.1722 0.0114585059235487 0.030607346410207 0.00707106781186548
21000 3.14647619047619 0.011308640490627 0.00488353688639753 0.00690065559342354
22000 3.14654545454545 0.0110483102794071 0.00495280095566164 0.00674199862463242
23000 3.12365217391304 0.0109095207563424 0.0179404796767497 0.00659380473395787
24000 3.142 0.0105984196935204 0.000407346410206788 0.00645497224367903
25000 3.16592 0.0102774132029417 0.0243273464102067 0.00632455532033676
26000 3.12369230769231 0.0102606709887675 0.0179003458974853 0.00620173672946042
27000 3.14607407407407 0.00997499506494866 0.00448142048428091 0.00608580619450185
28000 3.14057142857143 0.00981816249961288 0.00102122501836455 0.00597614304667197
29000 3.16027586206897 0.00956603172130991 0.0186832084791724 0.00587220219514703
30000 3.1476 0.00945694496124409 0.00600734641020706 0.00577350269189626
31000 3.13664516129032 0.00934644624083141 0.00494749229947056 0.00567961834247065
32000 3.137875 0.0091944964591172 0.00371765358979292 0.00559016994374947
33000 3.13672727272727 0.0090584818907358 0.00486538086252031 0.0055048188256318
34000 3.14211764705882 0.00890400980437336 0.000524993469030566 0.0054232614454664
35000 3.14754285714286 0.00875564371627223 0.00595020355306408 0.00534522483824849
36000 3.13044444444444 0.00869561728373152 0.0111482091453485 0.0052704627669473
37000 3.14551351351351 0.00852309864721829 0.0039208599237206 0.00519875244910036
38000 3.15452631578947 0.0083777100660804 0.0129336621996807 0.00512989176042577
39000 3.1425641025641 0.00831209694844236 0.000971448974309563 0.00506369683541833
40000 3.1385 0.00822164483239212 0.00309265358979305 0.005
41000 3.14058536585366 0.00811362152336439 0.00100728773613445 0.00493864798324795
42000 3.12447619047619 0.00807045360301295 0.0171164631136027 0.00487950036474267
43000 3.13786046511628 0.00793179290258054 0.00373218847351398 0.00482242822170412
44000 3.13627272727273 0.00784637190225839 0.00531992631706579 0.00476731294622796
45000 3.14222222222222 0.00773926266235533 0.000629568632429134 0.00471404520791032
46000 3.15078260869565 0.00762675409264283 0.00918995510585896 0.00466252404120157
47000 3.13421276595745 0.00759837804856525 0.00737988763234609 0.00461265604014443
48000 3.13066666666667 0.00752993040152775 0.0109259869231266 0.00456435464587638
49000 3.13697959183673 0.0074330719989632 0.0046130617530582 0.00451753951452626
50000 3.15608 0.00729860128188956 0.0144873464102071 0.00447213595499958
51000 3.13803921568627 0.00728262334704365 0.00355343790351847 0.00442807442770048
52000 3.14423076923077 0.0071933943345822 0.00263811564097605 0.00438529009653515
53000 3.15252830188679 0.00709993158796425 0.0109356482969996 0.00434372242763069
54000 3.14140740740741 0.00706738614041248 0.00018524618238569 0.00430331482911935
55000 3.13949090909091 0.0070085149096058 0.00210174449888401 0.00426401432711221
56000 3.13092857142857 0.00697060225714102 0.0106640821612216 0.00422577127364258
57000 3.13038596491228 0.00691074369564017 0.0112066886775124 0.00418853908291696
58000 3.1351724137931 0.00683725039380893 0.00642023979668949 0.004152273992687
59000 3.14020338983051 0.00676473436388168 0.00138926375928472 0.00411693484796309
60000 3.1362 0.00671943643470195 0.00539265358979302 0.00408248290463863
61000 3.13436065573771 0.00666926631341493 0.00723199785208806 0.00404888165089458
62000 3.13522580645161 0.00661286913521326 0.00636684713818036 0.00401609664451249
63000 3.13809523809524 0.00655227965785051 0.00349741549455507 0.00398409536444798
64000 3.150375 0.00646702858662573 0.00878234641020681 0.00395284707521047
65000 3.14055384615385 0.0064440036814482 0.00103880743594686 0.00392232270276368
66000 3.14248484848485 0.00638977446723747 0.000892194895055543 0.00389249472080761
67000 3.15253731343284 0.00631470416360151 0.0109446598430427 0.00386333704643128
68000 3.14858823529412 0.00627875159208087 0.00699558170432457 0.00383482494423685
69000 3.14701449275362 0.00623728591269571 0.0054218391638301 0.0038069349381344
70000 3.14742857142857 0.00619147763746886 0.00583591783877813 0.00377964473009227
71000 3.13515492957746 0.00617972979701934 0.00643772401232834 0.00375293312520401
72000 3.13638888888889 0.00613349217775499 0.00520376470090422 0.00372677996249965
73000 3.14306849315069 0.00607419245432181 0.00147583956089203 0.00370116605098803
74000 3.13432432432432 0.00605527280529703 0.00726832926546894 0.00367607311046904
75000 3.14245333333333 0.0059942198615617 0.000860679743540427 0.00365148371670111
76000 3.14252631578947 0.00595446937152489 0.000933662199680718 0.00362738125055006
77000 3.14348051948052 0.0059132827606486 0.0018878658907262 0.00360374985078224
78000 3.13841025641026 0.00588786462543383 0.00318239717953661 0.00358057437019716
79000 3.13625316455696 0.00585578665010716 0.00533948903283088 0.0035578403348241
80000 3.14385 0.00580043875226262 0.00225734641020692 0.00353553390593274
81000 3.14548148148148 0.0057605214265692 0.00388882789168843 0.00351364184463153
82000 3.13639024390244 0.00574734001417852 0.00520240968735397 0.00349215147884789
83000 3.144 0.00569428375389561 0.00240734641020701 0.00347105067250312
84000 3.14404761904762 0.00566017314785582 0.00245496545782586 0.00345032779671177
85000 3.14569411764706 0.00562283682723873 0.00410146405726586 0.00342997170285018
86000 3.14088372093023 0.00560147855825251 0.000708932659560624 0.00340997169735237
87000 3.1367816091954 0.00557882652864609 0.00481104439439095 0.00339031751810405
88000 3.14313636363636 0.00553217782832673 0.00154371004657072 0.00337099931231621
89000 3.13424719101124 0.00552164617784348 0.00734546257855717 0.00335200761576995
90000 3.14248888888889 0.00547186657038166 0.000896235299095771 0.00333333333333333
91000 3.13982417582418 0.00544785555976607 0.0017684777656175 0.00331496772065898
92000 3.14347826086957 0.00540979131129151 0.00188560727977194 0.00329690236697893
93000 3.13948387096774 0.00538973188213823 0.00210878262205139 0.00327912917891976
94000 3.14336170212766 0.00535219582906264 0.00176904853786652 0.00326164036526721
95000 3.14458947368421 0.00532117412521483 0.00299682009441726 0.00324442842261525
96000 3.14291666666667 0.00529715085865305 0.00132401307687369 0.00322748612183951
97000 3.13946391752577 0.00527747790108704 0.00212873606401986 0.00321080649533968
98000 3.13481632653061 0.00526074401605368 0.00677632705918096 0.0031943828249997
99000 3.14084848484849 0.00522084471533153 0.000744168741308116 0.00317820863081864
100000 3.14212 0.00519188010801482 0.000527346410206686 0.00316227766016838
