1000 0.786 0.0129693484801666 0.000601836602551753
2000 0.7845 0.00919401299759795 0.000898163397448304
3000 0.785 0.00750055553498095 0.000398163397448248
4000 0.78475 0.00649841206565112 0.000648163397448331
5000 0.8002 0.00565473182387989 0.0148018366025517
6000 0.776 0.00538244058645023 0.00939816339744826
7000 0.784428571428571 0.00491499727881195 0.000969591968876804
8000 0.78075 0.00462573558339644 0.00464816339744822
9000 0.779 0.00437364582216916 0.00639816339744825
10000 0.7871 0.00409357533215159 0.00170183660255174
11000 0.777181818181818 0.00396771332896626 0.00821634521563008
12000 0.783166666666667 0.00376183287428802 0.0022314967307816
13000 0.782230769230769 0.00361987880055724 0.00316739416667899
14000 0.786857142857143 0.00346114121963754 0.00145897945969453
15000 0.786866666666667 0.00334372562227181 0.00146850326921844
16000 0.781875 0.00326483617865238 0.00352316339744829
17000 0.787823529411765 0.00313572972947151 0.00242536601431642
18000 0.786277777777778 0.0030554599031044 0.000879614380329463
19000 0.781210526315789 0.00299930377788963 0.00418763708165881
20000 0.79025 0.00287884471185926 0.00485183660255173
21000 0.783952380952381 0.00283994504768661 0.00144578244506732
22000 0.783818181818182 0.00277527426711325 0.00157998157926642
23000 0.786739130434783 0.00270089092448741 0.00134096703733433
24000 0.786541666666667 0.00264491550955074 0.00114350326921842
25000 0.78676 0.002590511165002 0.00136183660255174
26000 0.784269230769231 0.00255095008272084 0.00112893262821756
27000 0.789666666666667 0.00248024208960441 0.00426850326921835
28000 0.78575 0.00245201766408809 0.000351836602551669
29000 0.781655172413793 0.00242594001583571 0.00374299098365516
30000 0.785633333333333 0.00236934307976486 0.000235169935885016
31000 0.788451612903226 0.00231959164240888 0.00305344950577757
32000 0.78825 0.00228385596018554 0.00285183660255173
33000 0.781151515151515 0.00227605337270332 0.00424664824593313
34000 0.783647058823529 0.00223306928069313 0.00175110457391892
35000 0.782257142857143 0.00220603655782506 0.00314102054030541
36000 0.785305555555556 0.00216410579409408 9.2607841892689E-05
37000 0.782108108108108 0.00214611538026182 0.00329005528934012
38000 0.784605263157895 0.00210887750251186 0.000792900239553584
39000 0.788025641025641 0.00206956721669153 0.00262747762819271
40000 0.7852 0.00205341763896193 0.00019816339744827
41000 0.785853658536585 0.00202597574144127 0.000455495139137119
42000 0.782761904761905 0.00201213997202824 0.00263625863554351
43000 0.78593023255814 0.00197804167960677 0.000532069160691262
44000 0.783590909090909 0.00196316185296364 0.00180725430653916
45000 0.784355555555556 0.00193873909782559 0.0010426078418927
46000 0.785152173913043 0.00191497665846068 0.000245989484404796
47000 0.790553191489362 0.00187695341033864 0.00515502809191337
48000 0.7833125 0.00188045887210049 0.00208566339744831
49000 0.785163265306122 0.00185539429837648 0.000234898091325819
50000 0.78756 0.00182925802663266 0.00216183660255176
51000 0.786176470588235 0.00181552686503935 0.000778307190786975
52000 0.785807692307692 0.0017991128316786 0.000409528910244039
53000 0.781584905660377 0.001794698381682 0.00381325773707097
54000 0.784796296296296 0.00176850569699243 0.000601867101151954
55000 0.785672727272727 0.00174975890750989 0.000274563875279021
56000 0.784035714285714 0.00173886104457058 0.001362449111734
57000 0.786385964912281 0.00171670369114184 0.000987801514832465
58000 0.786293103448276 0.00170210953757265 0.000894940050827575
59000 0.784186440677966 0.00169364748765912 0.00121172271948222
60000 0.783333333333333 0.0016818750559134 0.00206483006411495
61000 0.78544262295082 0.00166212637365986 4.4459553371401E-05
62000 0.785258064516129 0.00164918277234178 0.000140098881319273
63000 0.783111111111111 0.00164195053753311 0.00228705228633719
64000 0.784375 0.00162562900987106 0.00102316339744823
65000 0.786338461538462 0.00160772311739681 0.000940298141013263
66000 0.785287878787879 0.00159834585998526 0.000110284609569522
67000 0.785761194029851 0.00158510106079544 0.000363030632402506
68000 0.786544117647059 0.00157130738297514 0.0011459542496105
69000 0.781710144927536 0.00157258853461468 0.00368801846991207
70000 0.785585714285714 0.00155122440025345 0.000187550888266053
71000 0.785014084507042 0.00154175212030317 0.000384078890406037
72000 0.784361111111111 0.0015326935190832 0.00103705228633721
73000 0.786931506849315 0.00151553738548764 0.00153334345186684
74000 0.785891891891892 0.00150793319333018 0.000493728494443624
75000 0.78632 0.00149675585896075 0.00092183660255174
76000 0.78575 0.00148831827338602 0.000351836602551669
77000 0.786025974025974 0.00147792915046649 0.000627810628525793
78000 0.78574358974359 0.00146912934673623 0.000345426346141431
79000 0.783101265822785 0.00146630368523574 0.00229689757466345
80000 0.787425 0.00144649088043703 0.00202683660255176
81000 0.784728395061728 0.00144414416128976 0.000669768335719856
82000 0.785036585365854 0.0014345652226668 0.000361578031594645
83000 0.784144578313253 0.00142804044108973 0.00125358508419526
84000 0.782880952380952 0.00142251607564791 0.00251721101649593
85000 0.787529411764706 0.00140305061486933 0.00213124836725764
86000 0.784779069767442 0.00140141490553999 0.000619093630006451
87000 0.783137931034483 0.0013971765947406 0.00226023236296558
88000 0.783204545454545 0.00138906110145194 0.00219361794290285
89000 0.785292134831461 0.00137639978923729 0.000106028565987626
90000 0.7854 0.00136848188393806 1.83660255170803E-06
91000 0.784857142857143 0.00136219122184481 0.00054102054030547
92000 0.785902173913044 0.00135237290229705 0.000504010515595232
93000 0.785150537634409 0.00134679696040135 0.000247625763039716
94000 0.785808510638298 0.00133812148117028 0.00041034724084954
95000 0.78681052631579 0.00132878940549367 0.00141236291834124
96000 0.7869375 0.00132156343291821 0.00153933660255168
97000 0.785072164948454 0.00131891028423148 0.000325998448994724
98000 0.786418367346939 0.00130916907299901 0.00102020394949054
99000 0.784353535353535 0.00130710207237056 0.00104462804391292
100000 0.78366 0.0013020637634156 0.00173816339744826
