1 0.001 0.01 0.01 2.35714544041964
2 0.001 0.01 0.01 -0.127998475475266
3 0.001 0.01 0.01 -0.424767606861209
4 0.001 0.01 0.01 -0.483584662350642
5 0.001 0.01 0.01 -0.49673713151849
6 0.001 0.01 0.01 -0.499658279542062
7 0.001 0.01 0.01 -0.500243302238887
8 0.001 0.01 0.01 -0.500356758131285
9 0.001 0.01 0.01 -0.500357586551653
10 0.001 0.01 0.01 -0.500341172343491


8 0.001 0.01 0.01 -0.500356758131285
8 0.051 0.01 0.01 -0.500590161085182
8 0.101 0.01 0.01 -0.502226887666672
8 0.151 0.01 0.01 -0.506565602368959
8 0.201 0.01 0.01 -0.51504935493619
8 0.251 0.01 0.01 -0.52955532589965
8 0.301 0.01 0.01 -0.552729149362614
8 0.351 0.01 0.01 -0.588731509697316
8 0.401 0.01 0.01 -0.644160351748111
8 0.451 0.01 0.01 -0.729756211409045


8 0.001 1E-08 0.01 -0.500155003577578
8 0.001 1E-07 0.01 -0.500155003577578
8 0.001 1E-06 0.01 -0.500155009066257
8 0.001 1E-05 0.01 -0.500155068310551
8 0.001 0.0001 0.01 -0.500154981965103
8 0.001 0.001 0.01 -0.500160495497579
8 0.001 0.01 0.01 -0.500356758131285
8 0.001 0.1 0.01 -0.501359562193523


8 0.001 0.01 1E-08 -0.500356751742282
8 0.001 0.01 1E-07 -0.500356751742282
8 0.001 0.01 1E-06 -0.500356751742282
8 0.001 0.01 1E-05 -0.500356751750793
8 0.001 0.01 0.0001 -0.500356751840455
8 0.001 0.01 0.001 -0.500356752249062
8 0.001 0.01 0.01 -0.500356758131285
8 0.001 0.01 0.1 -0.500899124792658
