 -1 -0.329226103928082 0.946608323910744 0
 -0.984375 -0.314527062269904 0.936761063776 -0.0059157967306123
 -0.96875 -0.299897389440032 0.937466052242234 -0.0119083836810144
 -0.953125 -0.285184118526567 0.947225073969501 -0.0179741860441478
 -0.9375 -0.27025647431799 0.964694142539987 -0.0241096090545984
 -0.921875 -0.255003545532165 0.988672761617843 -0.0303110060136725
 -0.90625 -0.239332134148534 1.01809210158035 -0.0365746511676804
 -0.890625 -0.223164794099598 1.05200267142767 -0.0428967169146061
 -0.875 -0.20643806344658 1.08956194898448 -0.0492732548604118
 -0.859375 -0.189100887761295 1.13002232805691 -0.0557001802933319
 -0.84375 -0.171113227564135 1.17271964966415 -0.0621732596910921
 -0.828125 -0.15244483912609 1.21706250570164 -0.0686881009208548
 -0.8125 -0.13307421553389 1.26252243703404 -0.0752401458339668
 -0.796875 -0.112987673452646 1.30862509338252 -0.0818246649966838
 -0.78125 -0.092178570323587 1.3549423785477 -0.0884367543336022
 -0.765625 -0.0706466366449421 1.40108557041495 -0.0950713334923709
 -0.75 -0.0483974083587894 1.44669937964497 -0.101723145766362
 -0.734375 -0.0254417450817467 1.49145689274682 -0.108386759436429
 -0.71875 -0.00179542086729805 1.53505533317109 -0.115056570413871
 -0.703125 0.0225212247146684 1.5772125670175 -0.121726806084428
 -0.6875 0.047483586220097 1.61766427688875 -0.128391530267912
 -0.671875 0.073063052535465 1.65616172741625 -0.135044649220111
 -0.65625 0.0992272363058543 1.69247004823574 -0.141679918613264
 -0.640625 0.125940180115859 1.72636696402484 -0.148290951438938
 -0.625 0.153162545889953 1.7576419060772 -0.154871226782853
 -0.609375 0.180851792997147 1.78609544533554 -0.161414099425279
 -0.59375 0.208962349650367 1.8115389924955 -0.167912810223454
 -0.578125 0.237445781385687 1.83379471646806 -0.17436049723408
 -0.5625 0.266250959688538 1.8526956379666 -0.180750207534718
 -0.546875 0.295324233199289 1.86808586014317 -0.18707490970285
 -0.53125 0.324609603373422 1.87982090296149 -0.193327506910791
 -0.515625 0.354048905985398 1.8877681123255 -0.199500850593507
 -0.5 0.38358199944348 1.8918071188701 -0.205587754645042
 -0.484375 0.41314696051819 1.89183032477715 -0.211581010097539
 -0.46875 0.442680287773378 1.88774340002843 -0.217473400235079
 -0.453125 0.472117112719757 1.87946577217959 -0.223257716092662
 -0.4375 0.501391418480718 1.86693109607407 -0.228926772288794
 -0.421875 0.530436265564331 1.85008769195074 -0.234473423138294
 -0.40625 0.559184024169175 1.82889894217324 -0.239890578990218
 -0.390625 0.587566612311329 1.80334363835761 -0.245171222734189
 -0.375 0.615515738942214 1.77341627203321 -0.250308426417037
 -0.359375 0.642963151129235 1.73912726316813 -0.255295367910381
 -0.34375 0.66984088429107 1.70050312195249 -0.260125347568857
 -0.328125 0.69608151441501 1.65758654018277 -0.264791804817892
 -0.3125 0.721618411133442 1.61043640944803 -0.269288334609505
 -0.296875 0.746385990499007 1.55912776409944 -0.273608703684335
 -0.28125 0.770319966272111 1.50375164770232 -0.277746866578234
 -0.265625 0.793357598519411 1.44441490233448 -0.281696981312097
 -0.25 0.815437938316814 1.38123988071478 -0.285453424704239
 -0.234375 0.836502067354939 1.31436408172795 -0.289010807245637
 -0.21875 0.856493331258074 1.24393971045967 -0.292363987479528
 -0.203125 0.875357565449238 1.17013316437428 -0.29550808582845
 -0.1875 0.893043312423253 1.09312444775732 -0.298438497813595
 -0.171875 0.9095020293266 1.01310651700816 -0.301150906613451
 -0.15625 0.924688284786636 0.93028455980501 -0.303641294911077
 -0.140625 0.938559943983239 0.844875211575168 -0.305905955981986
 -0.125 0.951078341012606 0.757105713087537 -0.307941503977451
 -0.109375 0.962208437655404 0.667213013341193 -0.3097448833612
 -0.09375 0.971918967729296 0.575442822252582 -0.311313377460727
 -0.078125 0.980182566278583 0.482048617943533 -0.312644616098005
 -0.0625 0.986975882930899 0.387290613701802 -0.313736582268085
 -0.046875 0.992279678832032 0.291434689924312 -0.314587617837889
 -0.03125 0.996078906654585 0.194751296559591 -0.315196428241574
 -0.015625 0.998362773263766 0.0975143317393425 -0.315562086152918
 0 0.99912478471365 2.42875801680199E-09 -0.315684034119446
 0.015625 0.998362773339208 -0.0975143269694622 -0.315562086147317
 0.03125 0.996078906802734 -0.194751292051902 -0.315196428230354
 0.046875 0.992279679047441 -0.291434685851229 -0.314587617821013
 0.0625 0.986975883205452 -0.38729061023219 -0.313736582245501
 0.078125 0.980182566601563 -0.482048615241318 -0.312644616069646
 0.09375 0.971918968087472 -0.575442820475405 -0.311313377426514
 0.109375 0.962208438033139 -0.667213012639097 -0.309744883321047
 0.125 0.951078341391987 -0.757105713601714 -0.307941503931265
 0.140625 0.938559944344223 -0.844875213436765 -0.305905955929675
 0.15625 0.924688285107218 -0.930284563134003 -0.303641294852555
 0.171875 0.909502029582992 -1.01310652191231 -0.301150906548638
 0.1875 0.893043312590087 -1.09312445433121 -0.298438497742431
 0.203125 0.875357565499777 -1.17013317269843 -0.295508085750893
 0.21875 0.856493331164437 -1.24393972059977 -0.292363987395566
 0.234375 0.836502067088337 -1.31436409373421 -0.289010807155295
 0.25 0.815437937847803 -1.38123989462133 -0.285453424607582
 0.265625 0.793357597818138 -1.44441491815892 -0.28169698120924
 0.28125 0.770319965308582 -1.50375166544538 -0.277746866469349
 0.296875 0.746385989243349 -1.55912778374472 -0.273608703569657
 0.3125 0.721618409556173 -1.61043643096192 -0.269288334489343
 0.328125 0.696081512487308 -1.65758656351441 -0.26479180469263
 0.34375 0.669840881985042 -1.70050314703387 -0.260125347438966
 0.359375 0.642963148418182 -1.73912728991431 -0.255295367776426
 0.375 0.615515735800897 -1.77341630034259 -0.250308426279679
 0.390625 0.587566608716222 -1.80334366811237 -0.245171222594197
 0.40625 0.559184020098717 -1.82889897323978 -0.239890578848469
 0.421875 0.530436260999169 -1.85008772418024 -0.234473422995783
 0.4375 0.50139141340394 -1.86693112930308 -0.228926772146635
 0.453125 0.472117107117114 -1.87946580623069 -0.223257715952095
 0.46875 0.442680281633497 -1.88774343471084 -0.217473400097472
 0.484375 0.41314695383278 -1.8918303598874 -0.211581009964391
 0.5 0.383581992207526 -1.89180715419262 -0.205587754517986
 0.515625 0.354048898197343 -1.88776814763317 -0.199500850474309
 0.53125 0.324609595035345 -1.87982093801598 -0.193327506801352
 0.546875 0.295324224317079 -1.86808589469526 -0.187074909605207
 0.5625 0.266250950272063 -1.85269567175618 -0.180750207451038
 0.578125 0.237445771448966 -1.83379474922386 -0.174360497166662
 0.59375 0.208962339211747 -1.81153902393458 -0.167912810174724
 0.609375 0.180851782079494 -1.78609547516224 -0.161414099397785
 0.625 0.153162534520862 -1.75764193398169 -0.154871226779259
 0.640625 0.125940168327888 -1.72636698968108 -0.148290951462019
 0.65625 0.0992272241368013 -1.69247007129882 -0.141679918665898
 0.671875 0.073063040028685 -1.65616174751895 -0.135044649305268
 0.6875 0.0474835734248842 -1.61766429363734 -0.128391530388644
 0.703125 0.0225212116867087 -1.57721257998668 -0.121726806243858
 0.71875 -0.00179543406538854 -1.53505534189803 -0.115056570615178
 0.734375 -0.0254417583797828 -1.49145689672428 -0.108386759682834
 0.75 -0.0483974216782631 -1.44669937831352 -0.10172314606111
 0.765625 -0.0706466498981421 -1.40108556315447 -0.0950713338387122
 0.78125 -0.0921785834125789 -1.35494236466823 -0.0884367547347701
 0.796875 -0.112987686268107 -1.3086250721147 -0.0818246654558718
 0.8125 -0.133074227953794 -1.26252240751965 -0.0752401463543011
 0.828125 -0.152444851014248 -1.21706246698469 -0.0686881015053649
 0.84375 -0.171113238768607 -1.17271960068322 -0.0621732603426772
 0.859375 -0.189100898112694 -1.13002226763966 -0.0557001810147241
 0.875 -0.206438072756318 -1.0895618758455 -0.0492732556541344
 0.890625 -0.223164802158132 -1.05200258417107 -0.0428967177829277
 0.90625 -0.239332140723701 -1.01809199870871 -0.0365746521125638
 0.921875 -0.255003550367718 -0.988672641549496 -0.0303110070367177
 0.9375 -0.270256477132483 -0.964694003636941 -0.0241096101569802
 0.953125 -0.285184119012778 -0.94722491457835 -0.0179741872265472
 0.96875 -0.299897387265142 -0.937465870750783 -0.0119083849435431
 0.984375 -0.3145270570767 -0.936760858688298 -0.00591579807273228
