 -1 -0.329226103928082
 -0.984375 -0.314527062269904
 -0.96875 -0.299897389440032
 -0.953125 -0.285184118526567
 -0.9375 -0.27025647431799
 -0.921875 -0.255003545532165
 -0.90625 -0.239332134148534
 -0.890625 -0.223164794099598
 -0.875 -0.20643806344658
 -0.859375 -0.189100887761295
 -0.84375 -0.171113227564135
 -0.828125 -0.15244483912609
 -0.8125 -0.13307421553389
 -0.796875 -0.112987673452646
 -0.78125 -0.092178570323587
 -0.765625 -0.0706466366449421
 -0.75 -0.0483974083587894
 -0.734375 -0.0254417450817467
 -0.71875 -0.00179542086729805
 -0.703125 0.0225212247146684
 -0.6875 0.047483586220097
 -0.671875 0.073063052535465
 -0.65625 0.0992272363058543
 -0.640625 0.125940180115859
 -0.625 0.153162545889953
 -0.609375 0.180851792997147
 -0.59375 0.208962349650367
 -0.578125 0.237445781385687
 -0.5625 0.266250959688538
 -0.546875 0.295324233199289
 -0.53125 0.324609603373422
 -0.515625 0.354048905985398
 -0.5 0.38358199944348
 -0.484375 0.41314696051819
 -0.46875 0.442680287773378
 -0.453125 0.472117112719757
 -0.4375 0.501391418480718
 -0.421875 0.530436265564331
 -0.40625 0.559184024169175
 -0.390625 0.587566612311329
 -0.375 0.615515738942214
 -0.359375 0.642963151129235
 -0.34375 0.66984088429107
 -0.328125 0.69608151441501
 -0.3125 0.721618411133442
 -0.296875 0.746385990499007
 -0.28125 0.770319966272111
 -0.265625 0.793357598519411
 -0.25 0.815437938316814
 -0.234375 0.836502067354939
 -0.21875 0.856493331258074
 -0.203125 0.875357565449238
 -0.1875 0.893043312423253
 -0.171875 0.9095020293266
 -0.15625 0.924688284786636
 -0.140625 0.938559943983239
 -0.125 0.951078341012606
 -0.109375 0.962208437655404
 -0.09375 0.971918967729296
 -0.078125 0.980182566278583
 -0.0625 0.986975882930899
 -0.046875 0.992279678832032
 -0.03125 0.996078906654585
 -0.015625 0.998362773263766
 0 0.99912478471365
 0.015625 0.998362773339208
 0.03125 0.996078906802734
 0.046875 0.992279679047441
 0.0625 0.986975883205452
 0.078125 0.980182566601563
 0.09375 0.971918968087472
 0.109375 0.962208438033139
 0.125 0.951078341391987
 0.140625 0.938559944344223
 0.15625 0.924688285107218
 0.171875 0.909502029582992
 0.1875 0.893043312590087
 0.203125 0.875357565499777
 0.21875 0.856493331164437
 0.234375 0.836502067088337
 0.25 0.815437937847803
 0.265625 0.793357597818138
 0.28125 0.770319965308582
 0.296875 0.746385989243349
 0.3125 0.721618409556173
 0.328125 0.696081512487308
 0.34375 0.669840881985042
 0.359375 0.642963148418182
 0.375 0.615515735800897
 0.390625 0.587566608716222
 0.40625 0.559184020098717
 0.421875 0.530436260999169
 0.4375 0.50139141340394
 0.453125 0.472117107117114
 0.46875 0.442680281633497
 0.484375 0.41314695383278
 0.5 0.383581992207526
 0.515625 0.354048898197343
 0.53125 0.324609595035345
 0.546875 0.295324224317079
 0.5625 0.266250950272063
 0.578125 0.237445771448966
 0.59375 0.208962339211747
 0.609375 0.180851782079494
 0.625 0.153162534520862
 0.640625 0.125940168327888
 0.65625 0.0992272241368013
 0.671875 0.073063040028685
 0.6875 0.0474835734248842
 0.703125 0.0225212116867087
 0.71875 -0.00179543406538854
 0.734375 -0.0254417583797828
 0.75 -0.0483974216782631
 0.765625 -0.0706466498981421
 0.78125 -0.0921785834125789
 0.796875 -0.112987686268107
 0.8125 -0.133074227953794
 0.828125 -0.152444851014248
 0.84375 -0.171113238768607
 0.859375 -0.189100898112694
 0.875 -0.206438072756318
 0.890625 -0.223164802158132
 0.90625 -0.239332140723701
 0.921875 -0.255003550367718
 0.9375 -0.270256477132483
 0.953125 -0.285184119012778
 0.96875 -0.299897387265142
 0.984375 -0.3145270570767
