-1 0.363735422219817
-0.984375 0.361609364237596
-0.96875 0.357318553201686
-0.953125 0.350707886466651
-0.9375 0.34163535773783
-0.921875 0.329974657170997
-0.90625 0.315617697002116
-0.890625 0.298477028905162
-0.875 0.278488119304105
-0.859375 0.255611449319443
-0.84375 0.2298344069229
-0.828125 0.201172940213059
-0.8125 0.169672942510889
-0.796875 0.135411342202155
-0.78125 0.0984968729118086
-0.765625 0.0590705026653455
-0.75 0.0173055041487975
-0.734375 -0.0265928480090515
-0.71875 -0.0723879628793043
-0.703125 -0.119813007344729
-0.6875 -0.168572369598211
-0.671875 -0.218343508149323
-0.65625 -0.268779177554087
-0.640625 -0.319510017129152
-0.625 -0.370147483975917
-0.609375 -0.420287106790381
-0.59375 -0.469512032239356
-0.578125 -0.517396831212013
-0.5625 -0.563511528075288
-0.546875 -0.607425812238217
-0.53125 -0.64871338792639
-0.515625 -0.686956415141874
-0.5 -0.721749992389317
-0.484375 -0.752706629932721
-0.46875 -0.7794606611495
-0.453125 -0.801672539001196
-0.4375 -0.819032964767268
-0.421875 -0.831266797004234
-0.40625 -0.838136690202127
-0.390625 -0.839446414808795
-0.375 -0.835043813165145
-0.359375 -0.824823349415926
-0.34375 -0.808728215596351
-0.328125 -0.786751960800178
-0.3125 -0.75893961555648
-0.296875 -0.725388289218143
-0.28125 -0.686247224225603
-0.265625 -0.641717297478122
-0.25 -0.592049965639818
-0.234375 -0.53754565794223
-0.21875 -0.478551626829366
-0.203125 -0.415459273532981
-0.1875 -0.34870097227278
-0.171875 -0.278746423156317
-0.15625 -0.206098569917098
-0.140625 -0.131289124290378
-0.125 -0.0548737440033466
-0.109375 0.0225730840255116
-0.09375 0.10046339969172
-0.078125 0.178201306023397
-0.0625 0.255188624352527
-0.046875 0.330830605084806
-0.03125 0.404541629824934
-0.015625 0.475750840447071
0 0.543907631360552
0.015625 0.608486942702676
0.03125 0.668994294475439
0.046875 0.724970504701904
0.0625 0.775996038469795
0.078125 0.821694939203536
0.09375 0.861738298600414
0.109375 0.895847227311754
0.125 0.923795294568367
0.140625 0.945410411456718
0.15625 0.960576139358558
0.171875 0.969232412078612
0.1875 0.971375667306107
0.203125 0.967058390189298
0.21875 0.956388078850736
0.234375 0.93952564853997
0.25 0.916683297717839
0.265625 0.888121865605425
0.28125 0.854147716529886
0.296875 0.815109191684577
0.3125 0.77139267362612
0.328125 0.723418312899269
0.34375 0.671635469564378
0.359375 0.616517925065081
0.375 0.55855892178935
0.390625 0.498266088830398
0.40625 0.436156312840921
0.421875 0.372750612502134
0.4375 0.308569074015599
0.453125 0.244125903199191
0.46875 0.17992464726641
0.484375 0.116453636237384
0.5 0.054181690225142
0.515625 -0.00644586537601004
0.53125 -0.0650108394339317
0.546875 -0.121125437019734
0.5625 -0.174435116738867
0.578125 -0.22462102198667
0.59375 -0.271401970340351
0.609375 -0.31453599103198
0.625 -0.353821406155899
0.640625 -0.389097456872272
0.65625 -0.420244481303188
0.671875 -0.447183656010111
0.6875 -0.469876317828171
0.703125 -0.488322887356744
0.71875 -0.502561419516613
0.734375 -0.51266581023895
0.75 -0.518743691515295
0.765625 -0.520934049683777
0.78125 -0.519404603936333
0.796875 -0.514348983594252
0.8125 -0.505983743712822
0.828125 -0.494545259045864
0.84375 -0.480286536340758
0.859375 -0.463473984364586
0.875 -0.44438418000912
0.890625 -0.423300667319362
0.90625 -0.400510824375132
0.921875 -0.376302830670285
0.9375 -0.35096276502535
0.953125 -0.32477186118562
0.96875 -0.298003945148619
0.984375 -0.27092307498417
