-1 -0.376077294315509
-0.984375 -0.381106416146527
-0.96875 -0.38590662202623
-0.953125 -0.390477770310355
-0.9375 -0.3948175057577
-0.921875 -0.398921587871006
-0.90625 -0.402784184228021
-0.890625 -0.406398131677516
-0.875 -0.409755168400638
-0.859375 -0.412846139850285
-0.84375 -0.415661181505678
-0.828125 -0.418189881238282
-0.8125 -0.420421423898043
-0.796875 -0.422344720511606
-0.78125 -0.42394852425028
-0.765625 -0.425221535085654
-0.75 -0.426152494813267
-0.734375 -0.426730273895997
-0.71875 -0.42694395136308
-0.703125 -0.426782888801186
-0.6875 -0.426236799292182
-0.671875 -0.425295811989135
-0.65625 -0.423950532877579
-0.640625 -0.422192102142682
-0.625 -0.420012248453699
-0.609375 -0.417403340383826
-0.59375 -0.414358435104988
-0.578125 -0.410871324431761
-0.5625 -0.406936578235225
-0.546875 -0.402549585204667
-0.53125 -0.397706590901498
-0.515625 -0.392404733024353
-0.5 -0.386642073785992
-0.484375 -0.38041762929042
-0.46875 -0.373731395791783
-0.453125 -0.366584372714174
-0.4375 -0.35897858231307
-0.421875 -0.350917085863963
-0.40625 -0.342403996271404
-0.390625 -0.333444487001789
-0.375 -0.324044797255267
-0.359375 -0.314212233305927
-0.34375 -0.303955165954565
-0.328125 -0.293283024054612
-0.3125 -0.282206284088951
-0.296875 -0.270736455793256
-0.28125 -0.258886063839771
-0.265625 -0.246668625614161
-0.25 -0.234098625136883
-0.234375 -0.22119148319933
-0.21875 -0.20796352380372
-0.203125 -0.19443193701411
-0.1875 -0.180614738343926
-0.171875 -0.166530724822932
-0.15625 -0.152199427903401
-0.140625 -0.137641063381412
-0.125 -0.122876478524484
-0.109375 -0.107927096611129
-0.09375 -0.092814859101256
-0.078125 -0.0775621656685954
-0.0625 -0.062191812337419
-0.046875 -0.0467269279756383
-0.03125 -0.0311909094049345
-0.015625 -0.0156073553957595
0 1.79139782076956E-10
0.015625 0.0156073557546302
0.03125 0.0311909097655574
0.046875 0.0467269283391103
0.0625 0.0621918127047312
0.078125 0.0775621660405914
0.09375 0.0928148594785923
0.109375 0.107927096994237
0.125 0.122876478913531
0.140625 0.137641063776271
0.15625 0.152199428303615
0.171875 0.166530725227685
0.1875 0.180614738752019
0.203125 0.194431937423937
0.21875 0.207963524213248
0.234375 0.221191483606081
0.25 0.234098625537926
0.265625 0.2466686260061
0.28125 0.258886064218743
0.296875 0.270736456154929
0.3125 0.28220628442853
0.328125 0.293283024366845
0.34375 0.303955166233758
0.359375 0.314212233545957
0.375 0.324044797449608
0.390625 0.333444487143531
0.40625 0.342403996353286
0.421875 0.350917085878402
0.4375 0.358978582252202
0.453125 0.36658437256989
0.46875 0.373731395555774
0.484375 0.380417628954221
0.5 0.386642073341037
0.515625 0.392404732462023
0.53125 0.397706590213177
0.546875 0.402549584381802
0.5625 0.406936577269387
0.578125 0.410871323314704
0.59375 0.414358433828723
0.609375 0.417403338940682
0.625 0.4200122468364
0.640625 0.422192100344423
0.65625 0.423950530892103
0.671875 0.425295809810819
0.6875 0.426236796916126
0.703125 0.426782886223309
0.71875 0.426943948580226
0.734375 0.426730270906045
0.75 0.426152491615259
0.765625 0.425221531679925
0.78125 0.423948520638619
0.796875 0.422344716697416
0.8125 0.420421419886534
0.828125 0.418189877036679
0.84375 0.415661177123455
0.859375 0.412846135299424
0.875 0.409755163695915
0.890625 0.406398126836817
0.90625 0.402784179272679
0.921875 0.398921582826167
0.9375 0.394817500652712
0.953125 0.390477765179163
0.96875 0.385906616907782
0.984375 0.381106411085162
