0 0 1
0.01 0.01 0.99995
0.0246413078189138 0.0246395039140497 0.999696408333684
0.0432222311531356 0.0432105328316605 0.999066010652107
0.0647871054001108 0.0647452183205784 0.997901876217782
0.0884556582710606 0.0883459764894201 0.996089938082204
0.113541991758742 0.113306421732572 0.993560229737921
0.139557248793247 0.139115803958014 0.990276316451247
0.166170470572141 0.165420981861899 0.986223308386265
0.19316437999052 0.191982735766585 0.981398633151973
0.220398979596001 0.218639535548584 0.975806097039047
0.247785099192873 0.24528108824919 0.969452481504747
0.275266346575199 0.271830231254928 0.96234577679406
0.302807216555766 0.298230979620093 0.954494366333738
0.330385416335119 0.32444080509816 0.945906719062305
0.357986972931373 0.350425715986252 0.936591330227853
0.385603137584164 0.376157149841236 0.926556769073391
0.413228436199132 0.401610023766368 0.915811761283518
0.440859445075178 0.426761517536322 0.904365272535286
0.468494023464188 0.451590318084934 0.892226579646613
0.496130833033222 0.476076153342244 0.879405325706032
0.523769037181412 0.500199507039282 0.865911559972342
0.551408112977412 0.523941446446716 0.851755764949447
0.579047733567316 0.547283520451031 0.836948873335023
0.606687694658903 0.570207701348119 0.821502277275777
0.634327868566197 0.59269635374162 0.805427831915344
0.661968175484156 0.614732220189884 0.788737854766829
0.689608565534114 0.636298417151161 0.771445122049371
0.717249007541705 0.657378437211813 0.753562862815035
0.74488948202287 0.677956155099175 0.735104751454569
0.772529976800041 0.698015835924546 0.716084898995817
0.800170484262225 0.717542144688676 0.696517843483215
0.827810999652545 0.736520156446714 0.676418539638346
0.855451519997952 0.754935366755954 0.65580234794012
0.883092043440289 0.772773702170182 0.634685023220932
0.910732568818209 0.790021530631539 0.613082702846419
0.938373095405867 0.806665671664844 0.591011894527113
0.966013622749612 0.822693406312847 0.56848946379733
0.993654150565911 0.83809248677168 0.54553262118804
1.02129467867756 0.852851145698749 0.522158909114851
1.04893520697379 0.866958105173407 0.498386188498526
1.0765757353854 0.880402585295839 0.474232625133123
1.10421626386912 0.893174312412855 0.449716675815334
1.1318567923979 0.905263526961411 0.424857074247681
1.15949732095484 0.916660990922076 0.399672816727677
1.18713784952939 0.927357994875661 0.374183147634761
1.21477837811494 0.937346364656963 0.348407544726639
1.24241890670737 0.946618467600126 0.322365704256652
1.2700594353041 0.955167218370594 0.296077525923752
1.29769996390351 0.962986084379065 0.269563097666755
1.32534049250461 0.970069090773202 0.242842680314573
1.35298102110675 0.976410825003241 0.215936692104229
1.38062154970955 0.982006440957969 0.18886569307851
1.40826207831275 0.986851662667888 0.161650369375214
1.43590260691622 0.990942787572738 0.134311517420019
1.46354313551984 0.994276689350849 0.10687002803505
1.49118366412356 0.996850820308181 0.0793468704752966
1.51882419272735 0.998663213325213 0.0517630764050944
1.54646472133117 0.999712483360182 0.0241397238269056
1.57410524993502 0.999997828507546 -0.00350207902531455
1.60174577853889 0.999519030610832 -0.031141209815856
1.62938630714276 0.99827645542943 -0.0587565482477719
1.65702683574664 0.996271052359181 -0.0863269922018409
1.68466736435053 0.99350435370699 -0.113831473861644
1.71230789295441 0.989978473519999 -0.141248975812427
1.7399484215583 0.985696105970245 -0.168558547101461
1.76758895016219 0.980660523295997 -0.195739319247603
1.79522947876608 0.974875573301382 -0.222770522187858
1.82287000736997 0.968345676416188 -0.24963150014872
1.85051053597386 0.961075822318101 -0.276301727430193
1.87815106457775 0.95307156611995 -0.302760824090415
1.90579159318164 0.944339024124879 -0.328988571518907
1.93343212178553 0.934884869152693 -0.354964927886536
1.96107265038942 0.924716325440931 -0.380670043460406
1.98871317899331 0.913841163124589 -0.406084275771948
2.0163537075972 0.90226769229869 -0.431188204626645
2.04399423620109 0.890004756668249 -0.455962646943903
2.07163476480498 0.877061726790478 -0.480388671415733
2.09927529340887 0.8634484929144 -0.50444761297305
2.12691582201276 0.849175457423347 -0.528121087048526
2.15455635061665 0.834253526886104 -0.5513910036251
2.18219687922054 0.818694103722789 -0.574239581059413
2.20983740782443 0.802509077491823 -0.596649359669605
2.23747793642832 0.785710815804658 -0.61860321507708
2.26511846503221 0.768312154875203 -0.640084371292066
2.2927589936361 0.750326389711166 -0.661076413532946
2.32039952223999 0.731767263954811 -0.681563300769581
2.34804005084389 0.71264895938089 -0.70152937798103
2.37568057944778 0.69298608505978 -0.720959388118317
2.40332110805167 0.672793666194101 -0.739838483763073
2.43096163665556 0.652087132637345 -0.758152238473179
2.45860216525945 0.630882307103298 -0.775886657806714
2.48624269386334 0.609195393075248 -0.793028190015799
2.51388322246723 0.587042962424237 -0.809563736402158
2.54152375107112 0.56444194274581 -0.825480661326487
2.56916427967501 0.541409604424924 -0.840766801863975
2.5968048082789 0.517963547438936 -0.855410477098611
2.62444533688279 0.494121687908712 -0.869400497049168
2.65208586548668 0.469902244408168 -0.882726171220031
2.67972639409057 0.445323724042683 -0.895377316770367
2.70736692269446 0.42040490830704 -0.907344266295353
2.73500745129835 0.395164838733677 -0.918617875213557
2.76264797990224 0.369622802342246 -0.929189528754789
2.79028850850613 0.343798316901569 -0.93905114854312
2.81792903711002 0.317711116015273 -0.948195198769998
2.84556956571391 0.291381134042492 -0.956614691952785
2.8732100943178 0.264828490865161 -0.964303194274278
2.90085062292169 0.23807347651354 -0.971254830499164
2.92849115152558 0.211136535661717 -0.977464288463624
2.95613168012947 0.184038252004946 -0.982926823134684
2.98377220873336 0.156799332530739 -0.987638260236188
3.01141273733725 0.129440591695752 -0.991594999438629
3.03905326594114 0.101982935520539 -0.994794017110411
3.06669379454503 0.0744473456143438 -0.99723286862842
3.09433432314892 0.0468548631421236 -0.998909690246159
3.12197485175281 0.0192265727460603 -0.999823200518003
3.1496153803567 -0.00841641356615043 -0.999972701278491
3.17725590896059 -0.0360529725539251 -0.999358078175918
3.20489643756449 -0.063661985885004 -0.997979800759794
3.23253696616838 -0.0912223562729145 -0.995838922122127
3.26017749477227 -0.118713023598355 -0.992937078092797
3.28781802337616 -0.146112981002179 -0.989276485989628
3.31545855198005 -0.173401290937686 -0.98485994292412
3.34309908058394 -0.200557101169944 -0.979690823664136
3.37073960918783 -0.227559660709932 -0.973773078055176
3.39838013779172 -0.254388335671313 -0.967111228002209
3.42602066639561 -0.281022625037723 -0.959710364014363
3.4536611949995 -0.30744217632854 -0.951576141315122
3.48130172360339 -0.333626801151142 -0.942714775521003
3.50894225220728 -0.35955649062779 -0.933133037892005
3.53658278081117 -0.385211430685327 -0.922838250157466
3.56422330941506 -0.410572017196032 -0.911838278921284
3.59186383801895 -0.435618870958038 -0.900141529650772
3.61950436662284 -0.460332852503882 -0.887756940253742
3.64714489522673 -0.484695076725862 -0.874693974248731
3.67478542383062 -0.508686927307031 -0.860962613533574
3.70242595243451 -0.532290070946798 -0.846573350757871
3.7300664810384 -0.555486471370262 -0.831537181305152
3.75770700964229 -0.578258403110581 -0.815865594890891
3.78534753824618 -0.600588465053843 -0.799570566782773
3.81298806685007 -0.622459593736076 -0.782664548649921
3.84062859545396 -0.643855076382262 -0.765160459048092
3.86826912405785 -0.664758563677359 -0.747071673548102
3.89590965266174 -0.685154082259605 -0.728412014515013
3.92355018126563 -0.705026046926528 -0.709195740545915
3.95119070986952 -0.724359272544354 -0.689437535574359
3.97883123847341 -0.743138985651709 -0.669152497649764
4.00647176707731 -0.761350835748737 -0.648356127400387
4.0341122956812 -0.778980906263024 -0.627064316188654
4.06175282428509 -0.796015725183936 -0.60529333396792
4.08939335288898 -0.812442275357251 -0.583059816849919
4.11703388149287 -0.828248004432215 -0.560380754392428
4.14467441009676 -0.843420834453419 -0.53727347661683
4.17231493870065 -0.857949171090182 -0.513755640765523
4.19995546730454 -0.87182191249636 -0.489845217809279
4.22759599590843 -0.885028457793843 -0.465560478714862
4.25523652451232 -0.897558715173227 -0.440919980483416
4.28287705311621 -0.909403109605495 -0.415942551970267
4.3105175817201 -0.920552590158799 -0.39064727949699
4.33815811032399 -0.930998636914761 -0.365053492266741
4.36579863892788 -0.940733267478999 -0.339180747593977
4.39343916753177 -0.949749043080908 -0.313048815959874
4.42107969613566 -0.958039074258042 -0.286677665904845
4.44872022473955 -0.965597026120738 -0.26008744876972
4.47636075334344 -0.97241712319297 -0.233298483297225
4.50400128194733 -0.978494153825727 -0.206331240105548
4.53164181055122 -0.983823474179555 -0.179206326045849
4.55928233915511 -0.988401011773204 -0.151944468455657
4.586922867759 -0.992223268595672 -0.124566499320209
4.61456339636289 -0.995287323779281 -0.0970933393538051
4.64220392496678 -0.997590835831726 -0.0695459820133734
4.66984445357067 -0.999132044425393 -0.0419454774564385
4.69748498217456 -0.999909771742599 -0.014312916455763
4.72512551077845 -0.999923423375689 0.01333058571705
4.75276603938234 -0.999172988781345 0.0409639054266767
4.78040656798623 -0.997659041288718 0.068565926815587
4.80804709659012 -0.995382737661417 0.0961155579396164
4.83568762519401 -0.992345817213649 0.123591746885269
4.86332815379791 -0.988550600481225 0.150973497856429
4.8909686824018 -0.983999987448414 0.178239887218203
4.91860921100569 -0.97869745533202 0.205370079485609
4.94624973960958 -0.972647055924375 0.232343343244919
4.97389026821347 -0.965853412497258 0.259139066995475
5.00153079681736 -0.958321716269138 0.285736774899876
5.02917132542125 -0.95005772243841 0.3121161424305
5.05681185402514 -0.941067745785672 0.338257011900412
5.08445238262903 -0.931358655848405 0.364139407866771
5.11209291123292 -0.920937871671728 0.389743552394993
5.13973343983681 -0.909813356139255 0.415049880171982
5.1673739684407 -0.897993609888382 0.440039053456893
5.19501449704459 -0.885487664814642 0.464691976857995
5.22265502564848 -0.872305077170113 0.488989811924356
5.25029555425237 -0.858455920261133 0.512913991541177
5.27793608285626 -0.843950776750908 0.536446234117799
5.30557661146015 -0.828800730572904 0.559568557557525
5.33321714006404 -0.813017358461188 0.582263292998589
5.36085766866793 -0.796612721104203 0.604513098315767
5.38849819727182 -0.779599353928721 0.626300971372323
5.41613872587571 -0.761990257521037 0.647610263012147
5.4437792544796 -0.743798887692705 0.668424689782176
5.47141978308349 -0.725039145198419 0.688728346375359
5.49906031168738 -0.705725365113883 0.708505717784673
5.52670084029127 -0.68587230588181 0.727741691158887
5.55434136889516 -0.665495138034392 0.746421567351027
5.58198189749905 -0.644609432600878 0.764531072150717
5.60962242610294 -0.623231149209115 0.782056367191796
5.63726295470683 -0.601376623890136 0.798984060526905
5.66490348331072 -0.579062556595124 0.81530121686093
5.69254401191461 -0.556305998434286 0.830995367435514
5.72018454051851 -0.533124338647385 0.846054519557055
5.7478250691224 -0.509535291315897 0.860467165760934
5.77546559772629 -0.485556881826934 0.874222292604951
5.80310612633018 -0.461207433099284 0.887309389085264
5.83074665493407 -0.436505551582094 0.899718454668387
5.85838718353796 -0.411470113036891 0.911440006933123
5.88602771214185 -0.386120248113804 0.922465088816582
5.91366824074574 -0.36047532773302 0.932785275458746
5.94130876934963 -0.334554948282631 0.942392680640365
5.96894929795352 -0.308378916644186 0.951279962809243
5.99658982655741 -0.281967235057403 0.959440330690331
6.0242303551613 -0.255340085835588 0.96686754847532
6.05187088376519 -0.228517815943452 0.973555940587786
6.07951141236908 -0.201520921449112 0.979500396020232
6.10715194097297 -0.174370031862145 0.984696372239718
6.13479246957686 -0.147085894369682 0.9891398986591
6.16243299818075 -0.119689357982567 0.992827579671216
6.19007352678464 -0.0922013576037109 0.995756597243703
6.21771405538853 -0.0646428980308088 0.997924713072467
6.24535458399242 -0.0370350379056432 0.999330270292158
6.27299511259631 -0.00939887362224229 0.999972194742337
6.3006356412002 0.0182444767938137 0.999849995788378
6.32827616980409 0.0458738898226173 0.998963766696465
6.35591669840798 0.0734682525913598 0.997314184562411
6.38355722701187 0.101006479007624 0.994902509794345
6.41119775561576 0.128467525872214 0.991730585149661
6.43883828421965 0.155830408959212 0.987800834326967
6.46647881282354 0.183074219050974 0.983116260114122
6.49411934142743 0.210178137915807 0.977680442093745
6.52175987003132 0.237121454216126 0.971497533907988
6.54940039863521 0.263883579334932 0.964572260084632
6.57704092723911 0.290444063108507 0.956909912426948
6.604681455843 0.316782609453327 0.948516345970079
6.63232198444689 0.342879091875223 0.93939797450702
6.65996251305078 0.368713568848966 0.929561765687645
6.68760304165467 0.394266299056502 0.919015235694483
6.71524357025856 0.419517756472207 0.907766443499355
6.74288409886245 0.444448645283631 0.895823984705229
6.77052462746634 0.469039914636319 0.883196984978012
6.79816515607023 0.493272773191464 0.869895093073301
6.82580568467412 0.517128703485241 0.855928473463413
6.85344621327801 0.540589476078877 0.841307798570328
6.8810867418819 0.563637163488616 0.826044240610494
6.90872727048579 0.586254153884959 0.810149463057704
6.93636779908968 0.608423164550697 0.793635611730588
6.96400832769357 0.630127255087457 0.776515305511523
6.99164885629746 0.651349840360665 0.758801626704043
7.01928938490135 0.672074703173046 0.740508111036136
7.04692991350524 0.69228600665696 0.721648737317058
7.07457044210913 0.711968306376119 0.702237916755559
7.10221097071302 0.731106562127429 0.682290481947699
7.12985149931691 0.749686149433937 0.661821675542658
7.1574920279208 0.767692870720116 0.64084713859521
7.18513255652469 0.785112966160925 0.619382898613743
7.21277308512858 0.801933124196372 0.597445357312987
7.24041361373247 0.818140491703539 0.57505127808078
7.26805414233636 0.833722683818292 0.552217773168469
7.29569467094025 0.848667793399183 0.52896229061472
7.32333519954414 0.862964400126296 0.505302600912745
7.35097572814803 0.876601579228097 0.481256783431116
7.37861625675192 0.889568909829613 0.456843212598555
7.40625678535581 0.901856482915559 0.43208054386326
7.43389731395971 0.91345490890234 0.406987699437476
7.4615378425636 0.924355324813124 0.381583853838229
7.48917837116749 0.934549401050519 0.355888419235255
7.51681889977138 0.944029347761665 0.329921030617328
7.54445942837527 0.952787920790892 0.30370153078832
7.57209995697916 0.960818427215378 0.277249955204453
7.59974048558305 0.968114730459599 0.250586516664342
7.62738101418694 0.974671254984634 0.223731589863518
7.65502154279083 0.98048299054877 0.196705695825231
7.68266207139472 0.985545496036134 0.169529486219443
7.71030259999861 0.989854902850431 0.142223727581981
7.7379431286025 0.993407917871195 0.114809285445911
7.76558365720639 0.996201825970292 0.087307108397272
7.79322418581028 0.99823449208676 0.0597382120673302
7.82086471441417 0.999504362858384 0.0321236630736072
7.84850524301806 1.00001046780878 0.00448456292194156
7.87614577162195 0.999752420089048 -0.0231579681181103
7.90378630022584 0.9987304167735 -0.0507828071522149
7.93142682882973 0.996945238709117 -0.0783688448022097
7.95906735743362 0.99439824991897 -0.105895001336726
7.98670788603751 0.991091396559992 -0.133340242779157
8.0143484146414 0.987027205435918 -0.160683596980672
8.04198894324529 0.982208782066526 -0.187904169645978
8.06962947184918 0.976639808314652 -0.214981160299597
8.09727000045307 0.970324539572801 -0.241893878180459
8.12491052905696 0.963267801511494 -0.268621758052649
8.15255105766085 0.955474986391839 -0.295144375920243
8.18019158626474 0.946952048945149 -0.32144146463422
8.20783211486863 0.937705501822744 -0.347492929379519
8.23547264347252 0.927742410619425 -0.373278863030413
8.26311317207641 0.91707038847442 -0.398779561362458
8.2907537006803 0.905697590253919 -0.423975538109406
8.31839422928419 0.893632706319661 -0.448847539853563
8.34603475788808 0.88088495588831 -0.473376560738222
8.37367528649197 0.867464079986725 -0.497543856990925
8.40131581509586 0.853380334008475 -0.521330961246452
8.42895634369975 0.838644479877311 -0.544719696658608
8.45659687230364 0.823267777823573 -0.567692190790003
8.48423740090753 0.807261977779818 -0.590230889269227
8.51187792951142 0.790639310402238 -0.612318569204975
8.53951845811531 0.773412477724745 -0.63393835234688
8.5671589867192 0.755594643452839 -0.655073717982987
8.59479951532309 0.737199422904708 -0.675708515564024
8.62244004392698 0.718240872607212 -0.695826977044808
8.65008057253087 0.698733479554733 -0.715413728933375
8.67772110113476 0.678692150139073 -0.734453804038607
8.70536162973865 0.658132198758873 -0.752932652907395
8.73300215834254 0.637069336117261 -0.770836154942585
8.76064268694643 0.615519657216653 -0.788150629193222
8.78828321555032 0.593499629059901 -0.804862844808841
8.81592374415421 0.571026078067171 -0.820960031149816
8.8435642727581 0.548116177218179 -0.83642988754605
8.87120480136199 0.524787432929593 -0.851260592696527
8.89884532996588 0.501057671677651 -0.865440813702573
8.92648585856977 0.476945026376198 -0.878959714727904
8.95412638717366 0.452467922520558 -0.891806965278838
8.98176691577754 0.427645064107833 -0.90397274809837
9.00940744438143 0.402495419344382 -0.915447766668046
9.03704797298533 0.377038206151407 -0.926223252311929
9.06468850158922 0.35129287747971 -0.936290970897209
9.09232903019311 0.325279106444863 -0.945643229126356
9.119969558797 0.29901677129413 -0.954272880415986
9.14761008740089 0.272525940216636 -0.962173330357969
9.17525061600478 0.245826856008399 -0.969338541758592
9.20289114460867 0.218939920603925 -0.975763039251926
9.23053167321256 0.191885679486202 -0.981441913483885
9.25817220181645 0.164684805986999 -0.986370824863763
9.28581273042034 0.137358085489462 -0.990546006880393
9.31345325902423 0.109926399545097 -0.99396426898039
9.34109378762812 0.0824107099172471 -0.99662299900628
9.36873431623201 0.0548320425632911 -0.998520165192654
9.3963748448359 0.0272114715677728 -0.999654317718807
9.42401537343979 -0.000429896961240902 -1.00002458981671
9.45165590204368 -0.0280709410202774 -0.999630698433406
9.47929643064757 -0.0556905388507238 -0.998472944447427
9.50693695925145 -0.0832675850789081 -0.996552212438927
9.53457748785534 -0.110781006843662 -0.993869970013842
9.56221801645923 -0.13820977989904 -0.990428266682503
9.58985854506312 -0.165532944679898 -0.986229732293602
9.61749907366701 -0.192729622318039 -0.98127757502469
9.6451396022709 -0.219779030596705 -0.975575578930749
9.67278013087479 -0.246660499831214 -0.96912810105271
9.70042065947868 -0.273353488663604 -0.961940068088131
9.72806118808257 -0.299837599759226 -0.954016972626564
9.75570171668646 -0.326092595393278 -0.945364868952507
9.78334224529035 -0.352098412915382 -0.935990368419138
9.81098277389424 -0.377835180080377 -0.925900634396361
9.83862330249813 -0.403283230233618 -0.915103376797039
9.86626383110202 -0.428423117339178 -0.903606846185585
9.89390435970591 -0.453235630839466 -0.89141982747341
9.9215448883098 -0.477701810334908 -0.878551633206062
9.94918541691369 -0.501802960072472 -0.865012096447171
9.97682594551758 -0.52552066323197 -0.850811563264636
10.0044664741215 -0.548836795999215 -0.835960884824809
10.0321070027254 -0.571733541415278 -0.820471409100711
10.0597475313292 -0.594193402991273 -0.804354972200604
10.0873880599331 -0.61619921807825 -0.787623889323566
10.115028588537 -0.637734170981994 -0.770290945348964
10.1426691171409 -0.658781805812699 -0.752369385067027
10.1703096457448 -0.679326039059701 -0.733872903057976
10.1979501743487 -0.699351171881667 -0.714815633227444
10.2255907029526 -0.718841902102831 -0.695212138006196
10.2532312315565 -0.737783335906136 -0.675077397222383
10.2808717601604 -0.756160999214323 -0.654426796654845
10.3085122887643 -0.77396084875028 -0.633276116276213
10.3361528173681 -0.791169282768207 -0.61164151819478
10.363793345972 -0.807773151447374 -0.589539534304364
10.3914338745759 -0.823759766940565 -0.56698705365161
10.4190744031798 -0.839116913069486 -0.544001309530357
10.4467149317837 -0.853832854659769 -0.520599866312963
10.4743554603876 -0.867896346508414 -0.496800606028629
10.5019959889915 -0.881296641976819 -0.472621714698988
10.5296365175954 -0.894023501202844 -0.448081668441392
10.5572770461993 -0.90606719892562 -0.423199219350532
10.5849175748032 -0.917418531917132 -0.397993381169159
10.612558103407 -0.928068826014892 -0.372483414758875
10.6401986320109 -0.938009942750335 -0.346688813382079
10.6678391606148 -0.947234285567862 -0.320629287806328
10.6954796892187 -0.955734805629788 -0.294324751242493
10.7231202178226 -0.963505007202754 -0.267795304128205
10.7507607464265 -0.970538952621489 -0.241061218768247
10.7784012750304 -0.976831266826129 -0.214142923843598
10.8060418036343 -0.982377141469618 -0.187060988800991
10.8336823322382 -0.987172338592067 -0.159836108134896
10.8613228608421 -0.991213193859252 -0.132489085573948
10.8889633894459 -0.994496619362779 -0.105040818183908
10.9166039180498 -0.997020105979777 -0.0775122803992878
10.9442444466537 -0.998781725290314 -0.0499245079958615
10.9718849752576 -0.999780131051079 -0.0222985820162952
10.9995255038615 -1.00001456022418 0.0053443873388142
11.0271660324654 -0.999484833560327 0.0329832768421833
11.0548065610693 -0.998191355735846 0.0605969663810437
11.0824470896732 -0.996135115043574 0.0881643550959656
11.1100876182771 -0.993317682637725 0.115664377504971
11.1377281468809 -0.989741211333391 0.143076019600617
11.1653686754848 -0.985408433961564 0.170378334907747
11.1930092040887 -0.980322661280941 0.197550460489637
11.2206497326926 -0.97448777944811 0.224571632890314
11.2482902612965 -0.967908247048049 0.251421204000855
11.2759307899004 -0.960589091687205 0.27807865683755
11.3035713185043 -0.952535906151757 0.30452362121986
11.3312118471082 -0.943754844134 0.330735889336215
11.3588523757121 -0.934252615530116 0.35669543118572
11.386492904316 -0.924036481312925 0.382382409884009
11.4141334329198 -0.913114247983527 0.407777196821519
11.4417739615237 -0.90149426160609 0.432860386662624
11.4694144901276 -0.889185401430321 0.457612812174148
11.4970550187315 -0.87619707310652 0.482015558871941
11.5246955473354 -0.862539201498371 0.506049979474325
11.5523360759393 -0.848222223098991 0.529697708151348
11.5799766045432 -0.833257078056009 0.552940674558981
11.6076171331471 -0.817655201811785 0.57576111764752
11.635257661751 -0.801428516365151 0.598141599233644
11.6628981903548 -0.784589421161346 0.620065017325755
11.6905387189587 -0.767150783617117 0.641514619192429
11.7181792475626 -0.749125929288215 0.662474014163975
11.7458197761665 -0.730528631686815 0.682927186157333
11.7734603047704 -0.711373101756618 0.702858505914735
11.8011008333743 -0.691673977013699 0.722252742946776
11.8287413619782 -0.671446310361389 0.741095077170771
11.8563818905821 -0.650705558587739 0.759371110235502
11.884022419186 -0.629467570554354 0.777066876523705
11.9116629477899 -0.607748575085626 0.794168853823887
11.9393034763938 -0.58556516856762 0.810663973663318
11.9669440049976 -0.562934302266087 0.826539631294296
11.9945845336015 -0.53987326937329 0.841783695326076
12.0222250622054 -0.51639969179356 0.85638451699507
12.0498655908093 -0.492531506677652 0.870330939066261
12.0775061194132 -0.468286952716213 0.88361230435902
12.1051466480171 -0.443684556202828 0.896218463890803
12.132787176621 -0.418743116877291 0.908139784632521
12.1604277052249 -0.393481693559922 0.919367156869641
12.1880682338288 -0.367919589587908 0.929892001163403
12.2157087624327 -0.342076338064795 0.939706274906832
12.2433492910365 -0.315971686934405 0.948802478470533
12.2709898196404 -0.289625583890575 0.957173660933568
12.2986303482443 -0.263058161134266 0.96481342539505
12.3262708768482 -0.23628971998967 0.971715933862383
12.3539114054521 -0.209340715391088 0.97787591171241
12.381551934056 -0.182231740252421 0.983288651722074
12.4091924626599 -0.154983509731219 0.987950017665501
12.4368329912638 -0.127616845399328 0.991856447474758
12.4644735198677 -0.100152659332205 0.995004955961872
12.4921140484715 -0.0726119381290781 0.997393137100027
12.5197545770754 -0.0450157268761621 0.999019165862208
12.5473951056793 -0.0173851130651719 0.999881799615865
12.5663706143592 0.00159128263047649 1.00003167729511
