0 0 1
0.01 0.00999976956530989 0.999942686885596
0.03 0.0299944875817656 0.999513479318186
0.07 0.0699327875037194 0.997397752521198
0.15 0.149350667801754 0.988155800546805
0.27841755855387 0.274356838553145 0.959729129064742
0.45093089136045 0.434127496296987 0.89641430667796
0.658267044599379 0.607512467223862 0.785327083713467
0.890768601296649 0.769142065997569 0.62166789344366
1.14053751197965 0.894908011765187 0.410258139171046
1.40185789902954 0.96571342977473 0.16414583783211
1.67087027606022 0.969448826350625 -0.098076793557141
1.9450740041651 0.901639340220676 -0.355133303429978
2.22288957716142 0.765227538929981 -0.585632970905842
2.50333568705413 0.569798506162107 -0.770231164587386
2.78580994037522 0.330412516143387 -0.893370664596856
3.06994644349644 0.0661383970259332 -0.9445985920934
3.35552562769942 -0.201635673029639 -0.919434343322637
3.64241799697388 -0.451024498085039 -0.819755312612278
3.93054934978203 -0.661491086992309 -0.653676905392167
4.21987939430464 -0.815588226691537 -0.43492852639777
4.51038864389671 -0.900464436923236 -0.181761924928086
4.80207040434485 -0.90901020507079 0.0845337008184621
5.09492588203921 -0.840541536747037 0.341399612542667
5.3889612011703 -0.700950620350003 0.566919197047244
5.68418558716629 -0.502295007533079 0.741715497584517
5.98061026202506 -0.261843548014869 0.850670992086238
6.27824777398478 -0.0006452376800819 0.884314495460706
6.57711159212082 0.258268241709418 0.839742834326746
6.87721586252694 0.491898478757204 0.720980733697789
7.17857526306978 0.679341346659618 0.538728655500254
7.48120491831128 0.80370842732473 0.309501518494889
7.78512035119962 0.853729273960909 0.0542168296593601
8.09033745727728 0.824876792528939 -0.203656222302838
8.39687249273068 0.719895610064384 -0.440229800899779
8.70474207100409 0.548664037403386 -0.63342267878771
9.01396316477037 0.327380122774011 -0.765071042388253
9.32455311131297 0.077126181002485 -0.822720198893409
9.63652962014156 -0.178071822147044 -0.800914321914673
9.94991078213239 -0.413519673138264 -0.701842007924249
10.2647150797697 -0.606254556571793 -0.535252101148999
10.5809613982387 -0.73733682772907 -0.317622390586165
10.8986690372269 -0.793802160337875 -0.070637327825042
11.2178577233562 -0.77006597597722 0.180897186874704
11.5385476232082 -0.668618106553447 0.411511045829263
11.8607593569304 -0.499910808313692 0.597661500506998
12.184514012425 -0.281422049407145 0.720196495446862
12.5098331601364 -0.0359611110912032 0.766428333360923
12.5663706143592 0.00740473966141943 0.76705643615433
